TSPA - 75560.0 - 1233.820965805091 - [124, 80, 14, 111, 89, 94, 72, 98, 66, 156, 6, 24, 141, 87, 144, 154, 81, 180, 32, 62, 108, 15, 117, 53, 22, 195, 113, 74, 163, 61, 71, 20, 64, 185, 96, 27, 147, 59, 143, 159, 178, 164, 40, 128, 118, 132, 36, 55, 28, 171, 194, 79, 21, 170, 153, 88, 127, 186, 45, 167, 175, 4, 77, 114, 121, 91, 161, 76, 145, 0, 19, 69, 149, 50, 43, 199, 41, 1, 177, 174, 75, 189, 130, 152, 11, 160, 106, 48, 26, 119, 109, 134, 135, 51, 112, 73, 31, 95, 169, 8]
TSPA - 75141.0 - 1241.1257990449667 - [135, 99, 134, 119, 109, 126, 60, 101, 167, 175, 153, 88, 127, 186, 21, 194, 79, 87, 141, 144, 154, 81, 180, 32, 62, 108, 171, 15, 117, 53, 22, 55, 195, 74, 163, 113, 61, 71, 20, 64, 185, 96, 27, 116, 147, 143, 159, 59, 37, 132, 128, 164, 178, 19, 0, 149, 50, 121, 91, 114, 4, 77, 43, 199, 41, 177, 174, 189, 75, 1, 152, 11, 160, 106, 48, 92, 130, 26, 139, 169, 95, 8, 123, 124, 80, 14, 111, 31, 73, 12, 94, 72, 98, 156, 172, 6, 66, 190, 112, 51]
TSPA - 75316.0 - 1244.5940997088328 - [160, 106, 48, 92, 26, 119, 134, 135, 51, 5, 112, 95, 169, 8, 124, 80, 14, 111, 31, 73, 94, 72, 190, 98, 66, 156, 6, 24, 141, 144, 102, 87, 186, 127, 88, 153, 21, 79, 194, 171, 154, 81, 62, 108, 15, 117, 53, 22, 55, 195, 113, 74, 163, 61, 71, 20, 64, 185, 132, 36, 128, 159, 59, 96, 27, 116, 147, 143, 164, 178, 19, 69, 149, 0, 76, 161, 91, 121, 50, 43, 77, 4, 114, 175, 167, 101, 126, 109, 189, 75, 174, 192, 199, 137, 41, 177, 1, 130, 152, 11]
TSPA - 75588.0 - 1244.8632608614862 - [156, 172, 6, 66, 112, 5, 51, 135, 99, 101, 60, 167, 175, 114, 91, 76, 161, 153, 88, 127, 186, 21, 194, 79, 87, 141, 144, 154, 81, 171, 117, 28, 55, 195, 22, 53, 15, 108, 180, 32, 62, 155, 74, 163, 71, 20, 64, 185, 25, 181, 113, 36, 132, 128, 59, 96, 27, 147, 143, 159, 34, 164, 178, 19, 69, 0, 149, 50, 121, 43, 77, 4, 192, 150, 199, 41, 177, 1, 75, 189, 109, 119, 130, 152, 11, 106, 48, 92, 26, 8, 169, 95, 80, 111, 31, 73, 94, 72, 190, 98]
TSPA - 74829.0 - 1245.234066054225 - [109, 130, 152, 11, 160, 106, 48, 92, 26, 119, 134, 167, 101, 99, 135, 112, 95, 169, 8, 80, 14, 111, 31, 94, 72, 98, 66, 156, 6, 24, 141, 87, 144, 102, 154, 81, 180, 32, 62, 108, 53, 195, 55, 22, 117, 15, 171, 21, 194, 79, 186, 127, 88, 153, 175, 114, 121, 91, 161, 76, 145, 36, 132, 113, 74, 163, 61, 183, 71, 20, 64, 185, 96, 27, 116, 147, 59, 143, 159, 128, 164, 178, 19, 0, 149, 50, 43, 77, 4, 192, 150, 199, 137, 41, 1, 177, 174, 75, 189, 126]
TSPA - 75524.0 - 1246.1370138665661 - [144, 102, 154, 81, 171, 117, 15, 108, 180, 32, 62, 53, 22, 195, 55, 36, 132, 128, 181, 113, 74, 163, 61, 71, 20, 64, 185, 96, 27, 147, 59, 143, 159, 164, 178, 19, 69, 0, 149, 50, 43, 77, 4, 2, 192, 150, 199, 41, 177, 1, 75, 189, 109, 119, 130, 152, 11, 48, 26, 8, 80, 169, 95, 31, 14, 111, 94, 12, 72, 98, 156, 6, 66, 190, 112, 5, 51, 135, 99, 101, 126, 60, 167, 45, 186, 127, 88, 153, 175, 114, 121, 91, 161, 76, 157, 21, 194, 79, 87, 141]
TSPA - 74843.0 - 1248.2831521797925 - [143, 159, 37, 128, 132, 36, 55, 195, 22, 53, 117, 108, 171, 194, 79, 21, 170, 186, 127, 88, 153, 76, 0, 164, 178, 19, 69, 149, 50, 91, 121, 43, 77, 4, 114, 175, 167, 101, 135, 51, 5, 112, 95, 169, 139, 134, 119, 109, 189, 75, 199, 41, 177, 1, 152, 11, 160, 106, 48, 92, 26, 8, 124, 80, 14, 111, 31, 73, 12, 94, 72, 190, 98, 66, 156, 6, 141, 87, 144, 154, 81, 180, 32, 62, 155, 163, 74, 113, 181, 25, 61, 71, 20, 64, 185, 116, 27, 147, 96, 59]
TSPA - 75409.0 - 1254.7748800786212 - [73, 31, 111, 14, 80, 124, 95, 169, 8, 26, 119, 130, 92, 48, 106, 160, 11, 152, 1, 41, 177, 75, 189, 174, 199, 192, 43, 77, 4, 2, 114, 91, 121, 50, 149, 69, 19, 0, 76, 161, 171, 108, 15, 117, 53, 18, 22, 195, 55, 36, 132, 128, 40, 164, 178, 159, 143, 59, 147, 27, 96, 185, 64, 20, 71, 61, 113, 74, 163, 155, 62, 32, 180, 81, 154, 141, 87, 79, 194, 21, 186, 127, 88, 153, 175, 167, 101, 99, 135, 51, 112, 66, 6, 172, 156, 98, 190, 72, 94, 12]
TSPA - 75526.0 - 1255.4405274689198 - [71, 20, 56, 64, 185, 96, 27, 147, 59, 143, 159, 158, 37, 128, 164, 178, 19, 0, 149, 50, 43, 77, 4, 192, 150, 199, 174, 177, 41, 1, 75, 189, 109, 130, 152, 11, 160, 106, 48, 26, 119, 134, 135, 51, 112, 95, 169, 8, 80, 14, 111, 31, 73, 94, 72, 190, 98, 66, 156, 6, 141, 144, 87, 24, 45, 186, 127, 88, 153, 167, 175, 114, 121, 91, 161, 76, 21, 194, 79, 154, 81, 180, 32, 62, 108, 171, 117, 53, 22, 195, 55, 36, 132, 25, 181, 113, 74, 163, 61, 183]
TSPA - 75222.0 - 1256.8157717995346 - [163, 71, 20, 64, 185, 181, 113, 36, 132, 128, 159, 59, 96, 147, 143, 164, 178, 19, 0, 149, 50, 43, 77, 4, 192, 199, 137, 41, 177, 1, 75, 189, 126, 109, 119, 130, 152, 11, 160, 106, 48, 92, 26, 8, 110, 169, 95, 124, 80, 14, 111, 31, 73, 94, 72, 190, 98, 6, 66, 112, 5, 51, 135, 99, 101, 60, 167, 45, 186, 127, 88, 153, 175, 114, 121, 91, 161, 76, 55, 195, 22, 53, 117, 15, 108, 171, 21, 194, 79, 87, 141, 144, 154, 81, 180, 32, 62, 93, 155, 74]
TSPA - 75288.0 - 1256.8981457911432 - [111, 14, 80, 124, 8, 26, 92, 48, 106, 160, 11, 152, 130, 119, 109, 189, 75, 1, 177, 41, 137, 39, 199, 150, 174, 60, 101, 167, 45, 186, 127, 88, 153, 161, 76, 175, 192, 77, 4, 114, 91, 121, 43, 50, 149, 0, 19, 178, 164, 128, 132, 159, 143, 59, 147, 27, 96, 185, 64, 20, 71, 61, 163, 74, 113, 195, 55, 22, 53, 117, 108, 62, 32, 180, 81, 154, 144, 141, 87, 79, 194, 21, 24, 6, 66, 98, 190, 72, 112, 5, 51, 135, 196, 169, 95, 31, 73, 12, 94, 89]
TSPA - 74741.0 - 1257.8377484288067 - [8, 110, 169, 95, 112, 51, 135, 99, 101, 167, 134, 119, 26, 92, 48, 106, 160, 11, 152, 130, 109, 126, 189, 75, 1, 177, 41, 137, 174, 39, 199, 192, 4, 114, 77, 43, 149, 50, 121, 91, 161, 153, 88, 127, 186, 79, 194, 21, 171, 108, 117, 53, 22, 55, 36, 132, 128, 76, 0, 69, 19, 178, 164, 159, 143, 59, 147, 27, 96, 185, 64, 20, 71, 163, 74, 113, 195, 62, 32, 180, 81, 154, 144, 87, 141, 24, 6, 156, 66, 98, 190, 72, 94, 12, 73, 31, 111, 14, 80, 124]
TSPA - 75112.0 - 1259.618686328642 - [26, 106, 48, 92, 130, 11, 152, 1, 177, 41, 199, 174, 75, 189, 109, 119, 134, 169, 95, 112, 51, 135, 99, 101, 167, 175, 91, 121, 114, 4, 77, 43, 50, 149, 0, 69, 19, 178, 164, 34, 159, 143, 59, 147, 27, 96, 185, 64, 20, 71, 113, 74, 163, 155, 62, 32, 180, 108, 15, 117, 53, 18, 22, 195, 55, 36, 132, 128, 40, 145, 76, 161, 153, 88, 127, 186, 79, 21, 171, 81, 154, 144, 87, 141, 6, 156, 172, 66, 98, 190, 72, 94, 12, 73, 31, 111, 14, 80, 124, 8]
TSPA - 75481.0 - 1261.2075159037486 - [87, 141, 144, 154, 81, 180, 32, 62, 93, 7, 155, 163, 74, 113, 61, 71, 20, 64, 185, 116, 27, 147, 96, 59, 143, 159, 178, 19, 0, 149, 50, 121, 91, 114, 4, 77, 43, 192, 199, 137, 41, 177, 1, 130, 152, 11, 160, 106, 48, 92, 26, 8, 169, 95, 124, 80, 14, 111, 31, 73, 12, 94, 72, 190, 98, 156, 6, 66, 112, 5, 51, 135, 134, 119, 109, 189, 75, 174, 60, 101, 167, 186, 88, 153, 76, 164, 40, 128, 132, 36, 55, 195, 22, 53, 117, 108, 171, 21, 194, 79]
TSPA - 75250.0 - 1263.7393892630935 - [6, 156, 98, 190, 72, 94, 111, 14, 80, 124, 8, 26, 48, 106, 160, 11, 152, 130, 119, 109, 189, 75, 1, 41, 177, 174, 199, 43, 77, 4, 175, 114, 91, 121, 50, 149, 0, 19, 178, 164, 159, 143, 59, 96, 147, 27, 185, 64, 20, 71, 61, 113, 74, 163, 155, 93, 62, 32, 180, 108, 81, 154, 144, 141, 87, 79, 194, 21, 157, 171, 15, 117, 53, 18, 22, 195, 55, 36, 132, 128, 145, 76, 161, 153, 88, 127, 186, 45, 167, 60, 101, 99, 134, 135, 51, 169, 95, 31, 112, 66]
TSPA - 75518.0 - 1272.0127146150917 - [50, 121, 114, 4, 77, 43, 199, 41, 1, 177, 174, 75, 189, 109, 130, 152, 11, 160, 198, 106, 48, 92, 26, 119, 134, 135, 51, 5, 112, 95, 169, 8, 124, 80, 111, 31, 73, 89, 94, 12, 72, 190, 98, 156, 172, 6, 66, 45, 101, 167, 175, 91, 76, 153, 88, 127, 186, 79, 194, 21, 171, 87, 141, 144, 154, 81, 180, 32, 62, 108, 15, 117, 53, 22, 55, 195, 155, 163, 74, 113, 61, 71, 20, 64, 185, 96, 27, 147, 59, 143, 159, 37, 132, 36, 128, 164, 178, 19, 0, 149]
TSPA - 75348.0 - 1275.4730041297153 - [154, 81, 32, 62, 108, 117, 53, 22, 55, 195, 113, 74, 163, 61, 183, 71, 20, 64, 185, 132, 36, 128, 37, 159, 59, 96, 27, 147, 143, 164, 178, 19, 69, 0, 149, 50, 43, 77, 4, 114, 121, 91, 76, 161, 175, 192, 199, 41, 177, 1, 75, 189, 126, 109, 134, 119, 130, 152, 11, 160, 106, 48, 92, 26, 8, 110, 169, 95, 124, 80, 14, 111, 31, 73, 12, 94, 112, 51, 135, 99, 101, 167, 153, 88, 127, 186, 45, 24, 190, 72, 98, 66, 6, 141, 144, 87, 79, 194, 21, 171]
TSPA - 74891.0 - 1280.894265175797 - [66, 156, 6, 24, 141, 87, 144, 154, 81, 171, 21, 194, 79, 186, 127, 88, 153, 175, 161, 76, 128, 132, 36, 55, 195, 22, 18, 53, 117, 15, 108, 180, 32, 62, 93, 155, 163, 74, 113, 181, 61, 71, 20, 64, 185, 96, 27, 147, 59, 143, 159, 164, 178, 19, 69, 0, 149, 50, 121, 91, 114, 4, 77, 43, 199, 41, 1, 177, 174, 75, 189, 130, 152, 11, 160, 106, 48, 26, 119, 109, 167, 101, 135, 51, 112, 73, 31, 95, 169, 8, 123, 124, 80, 14, 111, 89, 94, 72, 190, 98]
TSPA - 75407.0 - 1284.7455748459324 - [59, 147, 27, 96, 185, 64, 20, 71, 61, 163, 74, 113, 132, 36, 76, 161, 21, 79, 194, 171, 108, 15, 117, 55, 195, 22, 53, 62, 32, 180, 81, 154, 102, 144, 87, 141, 24, 6, 156, 66, 98, 190, 72, 12, 94, 89, 111, 14, 80, 124, 123, 8, 26, 48, 11, 152, 1, 177, 41, 199, 174, 75, 189, 119, 169, 95, 31, 73, 112, 51, 135, 99, 101, 167, 45, 186, 127, 88, 153, 175, 192, 150, 43, 77, 4, 114, 91, 121, 50, 149, 0, 69, 35, 19, 178, 164, 128, 37, 159, 143]
TSPA - 75333.0 - 1307.7149124220014 - [186, 45, 127, 88, 153, 175, 167, 101, 135, 112, 66, 6, 172, 156, 98, 72, 94, 73, 95, 169, 31, 111, 14, 80, 124, 8, 26, 92, 48, 106, 198, 160, 11, 152, 130, 119, 109, 189, 75, 1, 177, 41, 199, 150, 192, 43, 77, 4, 114, 121, 50, 149, 91, 161, 76, 145, 0, 19, 178, 164, 159, 143, 59, 147, 27, 96, 185, 64, 20, 71, 183, 61, 163, 74, 113, 181, 25, 128, 132, 36, 55, 195, 22, 53, 117, 108, 62, 32, 180, 81, 154, 102, 144, 141, 87, 171, 194, 79, 21, 170]
TSPA - 75425.0 - 1251.401383944787 - [74, 163, 155, 195, 55, 22, 53, 117, 108, 62, 81, 154, 102, 144, 141, 87, 79, 194, 21, 186, 127, 88, 153, 175, 60, 101, 167, 45, 6, 66, 98, 190, 72, 94, 111, 14, 31, 73, 112, 5, 51, 135, 95, 169, 80, 124, 8, 26, 92, 48, 106, 160, 11, 152, 130, 119, 109, 189, 75, 174, 177, 1, 41, 137, 199, 192, 4, 114, 77, 43, 50, 121, 91, 161, 76, 0, 149, 69, 19, 178, 164, 159, 143, 147, 116, 27, 96, 59, 37, 128, 132, 36, 181, 25, 185, 64, 20, 71, 61, 113]
TSPA - 75584.0 - 1253.0470147011802 - [167, 45, 186, 127, 88, 153, 175, 114, 4, 77, 43, 121, 91, 50, 149, 69, 19, 0, 76, 161, 21, 79, 194, 171, 108, 15, 117, 53, 18, 22, 195, 55, 36, 132, 128, 40, 164, 178, 159, 143, 59, 147, 27, 96, 185, 64, 20, 71, 61, 113, 163, 74, 138, 155, 93, 62, 32, 180, 81, 154, 87, 141, 6, 156, 172, 66, 98, 190, 72, 94, 112, 5, 51, 135, 169, 95, 73, 31, 111, 14, 80, 124, 8, 26, 119, 130, 48, 106, 160, 11, 152, 1, 177, 41, 199, 174, 75, 189, 109, 101]
TSPA - 75116.0 - 1254.4785389536992 - [174, 75, 189, 109, 134, 119, 130, 152, 11, 160, 106, 48, 92, 26, 8, 124, 80, 169, 95, 31, 14, 111, 94, 72, 190, 98, 156, 6, 66, 112, 5, 51, 135, 101, 167, 153, 88, 186, 141, 87, 144, 154, 81, 171, 194, 79, 21, 161, 76, 145, 132, 36, 55, 195, 22, 53, 117, 15, 108, 180, 32, 62, 93, 155, 163, 74, 113, 61, 71, 20, 64, 185, 116, 27, 147, 96, 59, 143, 159, 37, 128, 40, 164, 178, 19, 0, 149, 50, 121, 91, 114, 4, 77, 43, 192, 199, 137, 41, 1, 177]
TSPA - 74928.0 - 1254.650551139377 - [73, 31, 111, 94, 98, 156, 172, 6, 66, 190, 72, 112, 135, 101, 60, 167, 175, 114, 121, 91, 76, 161, 153, 88, 127, 186, 170, 21, 79, 194, 171, 87, 141, 144, 102, 133, 154, 81, 180, 32, 62, 108, 15, 117, 53, 22, 195, 55, 36, 132, 128, 25, 181, 113, 74, 163, 61, 183, 71, 20, 64, 185, 96, 27, 147, 59, 143, 159, 34, 164, 178, 19, 0, 149, 50, 43, 77, 4, 192, 199, 41, 1, 177, 174, 75, 189, 109, 119, 130, 152, 11, 160, 106, 48, 92, 26, 8, 80, 169, 95]
TSPA - 75237.0 - 1257.2003503097221 - [109, 189, 75, 174, 177, 1, 41, 137, 199, 150, 192, 175, 114, 4, 77, 43, 121, 91, 50, 149, 0, 19, 178, 164, 159, 143, 59, 96, 147, 27, 116, 185, 64, 20, 71, 61, 113, 74, 163, 155, 62, 53, 108, 81, 154, 102, 144, 87, 79, 194, 21, 171, 15, 117, 18, 22, 195, 55, 36, 132, 128, 145, 76, 161, 153, 88, 127, 186, 167, 135, 51, 5, 112, 24, 141, 6, 156, 66, 98, 190, 72, 94, 73, 31, 111, 14, 80, 124, 95, 169, 8, 26, 92, 48, 106, 160, 11, 152, 130, 119]
TSPA - 74942.0 - 1258.3581101372838 - [167, 101, 60, 175, 114, 4, 77, 43, 192, 199, 41, 177, 1, 75, 189, 109, 130, 152, 11, 48, 106, 26, 119, 134, 135, 51, 5, 112, 95, 169, 8, 124, 80, 14, 111, 31, 73, 12, 89, 94, 72, 190, 98, 66, 6, 141, 87, 144, 102, 154, 81, 171, 108, 32, 62, 53, 117, 22, 195, 55, 36, 132, 25, 181, 113, 74, 163, 103, 183, 61, 71, 20, 64, 185, 96, 27, 147, 59, 143, 159, 37, 128, 164, 178, 19, 69, 0, 149, 50, 121, 91, 161, 76, 21, 194, 79, 186, 127, 88, 153]
TSPA - 75357.0 - 1258.8783641252667 - [198, 106, 48, 92, 130, 109, 119, 134, 139, 26, 8, 169, 95, 80, 14, 111, 31, 73, 12, 89, 42, 94, 98, 6, 66, 190, 72, 112, 51, 135, 101, 167, 175, 114, 121, 91, 76, 161, 153, 88, 127, 45, 186, 21, 194, 79, 87, 141, 144, 154, 81, 180, 32, 62, 108, 171, 15, 117, 53, 22, 195, 55, 36, 128, 132, 113, 74, 163, 61, 71, 20, 64, 185, 96, 27, 147, 59, 143, 164, 178, 19, 35, 69, 0, 149, 50, 43, 77, 4, 192, 199, 41, 177, 174, 189, 75, 1, 152, 11, 160]
TSPA - 74971.0 - 1259.2177741611376 - [106, 160, 11, 152, 130, 119, 109, 189, 75, 1, 177, 199, 192, 43, 77, 4, 114, 91, 121, 50, 149, 0, 69, 19, 178, 164, 143, 59, 147, 27, 96, 185, 64, 20, 71, 163, 74, 113, 181, 36, 132, 128, 145, 76, 161, 153, 88, 127, 45, 186, 170, 21, 79, 194, 171, 108, 15, 117, 22, 55, 195, 53, 62, 32, 180, 81, 154, 133, 102, 144, 87, 141, 24, 6, 66, 98, 190, 72, 112, 51, 135, 99, 101, 167, 134, 169, 95, 31, 73, 12, 94, 89, 111, 14, 80, 124, 8, 26, 92, 48]
TSPA - 75332.0 - 1264.217499007471 - [24, 6, 156, 66, 98, 190, 72, 12, 94, 89, 111, 14, 31, 112, 51, 135, 95, 169, 80, 8, 26, 48, 11, 152, 130, 119, 109, 189, 75, 1, 177, 41, 137, 199, 174, 126, 60, 101, 167, 45, 186, 127, 88, 153, 161, 76, 91, 121, 114, 175, 192, 4, 77, 43, 86, 50, 149, 0, 69, 19, 178, 164, 128, 36, 132, 159, 143, 59, 147, 116, 27, 96, 185, 64, 20, 71, 183, 61, 163, 74, 113, 195, 55, 22, 53, 117, 15, 108, 62, 32, 81, 154, 171, 157, 21, 194, 79, 87, 144, 141]
TSPA - 74664.0 - 1264.841262393631 - [119, 134, 99, 135, 51, 112, 95, 169, 8, 80, 31, 14, 111, 89, 94, 72, 190, 98, 66, 172, 156, 6, 141, 87, 144, 154, 81, 180, 32, 62, 53, 195, 55, 22, 117, 108, 171, 194, 79, 21, 157, 170, 127, 186, 45, 101, 167, 88, 153, 175, 114, 121, 91, 161, 76, 128, 132, 36, 25, 181, 113, 74, 163, 71, 20, 64, 185, 116, 27, 147, 96, 59, 143, 159, 164, 178, 19, 69, 0, 149, 50, 43, 77, 4, 192, 199, 174, 177, 41, 1, 75, 189, 109, 130, 152, 11, 160, 106, 48, 26]
TSPA - 75035.0 - 1265.0151734268293 - [164, 143, 147, 116, 27, 96, 59, 159, 37, 128, 132, 36, 145, 76, 55, 22, 195, 113, 181, 25, 185, 64, 20, 71, 61, 163, 74, 155, 62, 53, 117, 15, 108, 81, 154, 171, 21, 194, 79, 87, 144, 141, 6, 156, 66, 98, 190, 72, 94, 12, 73, 31, 111, 14, 80, 124, 123, 8, 110, 169, 95, 112, 51, 135, 99, 101, 167, 186, 127, 88, 153, 175, 174, 75, 189, 109, 119, 26, 92, 48, 106, 11, 152, 130, 1, 177, 41, 199, 192, 43, 77, 4, 114, 91, 121, 50, 149, 0, 19, 178]
TSPA - 74925.0 - 1267.6814777189866 - [113, 181, 61, 183, 71, 20, 64, 185, 116, 27, 147, 96, 59, 143, 159, 34, 164, 178, 19, 0, 149, 50, 43, 77, 4, 192, 150, 199, 39, 174, 137, 41, 177, 1, 75, 189, 109, 130, 152, 11, 160, 106, 48, 92, 26, 119, 134, 135, 51, 112, 73, 31, 95, 169, 110, 8, 124, 80, 14, 111, 89, 94, 72, 190, 98, 66, 156, 6, 141, 87, 154, 81, 62, 53, 117, 15, 108, 171, 21, 194, 79, 186, 127, 88, 153, 167, 175, 114, 121, 91, 76, 145, 128, 132, 36, 55, 22, 195, 74, 163]
TSPA - 75266.0 - 1271.3973813485354 - [141, 87, 154, 79, 194, 21, 171, 81, 180, 32, 62, 108, 15, 117, 53, 22, 55, 195, 113, 74, 163, 61, 71, 20, 64, 185, 116, 27, 147, 96, 59, 143, 159, 178, 164, 40, 128, 118, 132, 36, 76, 0, 19, 69, 149, 50, 43, 77, 4, 114, 121, 91, 153, 88, 186, 45, 101, 167, 175, 192, 199, 41, 177, 1, 75, 189, 109, 134, 119, 130, 152, 11, 160, 106, 48, 26, 8, 123, 124, 80, 14, 111, 94, 12, 73, 31, 95, 169, 139, 196, 135, 51, 112, 72, 190, 98, 66, 156, 6, 24]
TSPA - 74599.0 - 1272.1902225436643 - [192, 175, 101, 167, 186, 88, 153, 161, 76, 0, 149, 50, 121, 91, 114, 4, 77, 43, 19, 178, 164, 159, 143, 59, 147, 116, 27, 96, 185, 64, 20, 71, 61, 163, 74, 113, 181, 128, 132, 36, 55, 195, 22, 18, 53, 117, 15, 108, 62, 32, 180, 81, 154, 171, 157, 21, 194, 79, 87, 141, 24, 6, 156, 66, 98, 190, 72, 94, 12, 73, 31, 111, 14, 80, 124, 8, 26, 92, 48, 106, 160, 11, 152, 130, 119, 139, 169, 95, 112, 51, 135, 99, 134, 109, 189, 75, 1, 177, 41, 199]
TSPA - 74562.0 - 1273.2718254178762 - [59, 96, 147, 27, 116, 185, 64, 20, 71, 61, 163, 74, 113, 132, 128, 36, 55, 195, 22, 117, 53, 62, 108, 171, 81, 154, 144, 87, 141, 24, 6, 156, 172, 66, 98, 190, 72, 12, 94, 42, 89, 73, 31, 111, 14, 80, 124, 8, 169, 95, 112, 51, 135, 134, 119, 109, 130, 92, 26, 48, 106, 160, 11, 152, 189, 75, 174, 137, 177, 1, 41, 199, 192, 43, 77, 4, 114, 175, 167, 101, 45, 186, 79, 194, 21, 170, 127, 88, 153, 161, 76, 91, 121, 50, 149, 0, 19, 178, 164, 143]
TSPA - 75164.0 - 1275.96106770169 - [190, 72, 94, 89, 111, 14, 31, 73, 95, 169, 124, 80, 123, 8, 125, 26, 106, 48, 11, 152, 130, 119, 109, 189, 75, 174, 177, 1, 41, 199, 192, 43, 77, 4, 114, 91, 121, 50, 149, 0, 69, 35, 19, 178, 164, 159, 143, 59, 96, 147, 27, 185, 64, 20, 71, 61, 163, 74, 113, 181, 128, 132, 36, 55, 195, 22, 53, 117, 15, 108, 62, 32, 180, 81, 154, 102, 144, 87, 141, 6, 156, 98, 66, 24, 45, 186, 127, 88, 21, 79, 194, 171, 76, 161, 153, 167, 101, 135, 51, 112]
TSPA - 75423.0 - 1284.628593834117 - [192, 4, 77, 43, 50, 149, 0, 19, 178, 164, 159, 143, 59, 147, 27, 96, 185, 64, 20, 71, 61, 113, 74, 163, 155, 62, 32, 180, 81, 154, 102, 144, 141, 87, 79, 194, 21, 171, 108, 15, 117, 53, 18, 22, 195, 55, 36, 132, 128, 145, 76, 91, 121, 114, 175, 83, 174, 75, 189, 109, 134, 101, 167, 153, 88, 127, 186, 24, 6, 156, 66, 98, 190, 72, 94, 111, 14, 31, 73, 112, 51, 135, 95, 169, 80, 8, 26, 119, 130, 48, 106, 160, 11, 152, 1, 177, 41, 137, 199, 150]
TSPA - 74939.0 - 1284.8182867029682 - [132, 159, 143, 59, 96, 147, 27, 185, 64, 20, 71, 61, 163, 74, 113, 195, 53, 22, 55, 76, 161, 153, 88, 127, 186, 170, 21, 79, 194, 171, 117, 15, 108, 62, 32, 180, 81, 154, 102, 144, 87, 141, 6, 156, 172, 66, 98, 190, 72, 94, 12, 73, 31, 89, 42, 111, 14, 80, 124, 123, 8, 110, 169, 95, 112, 5, 51, 135, 134, 119, 26, 48, 106, 160, 11, 152, 1, 41, 177, 75, 189, 109, 101, 167, 175, 114, 4, 77, 192, 199, 43, 121, 91, 50, 149, 0, 19, 178, 164, 128]
TSPA - 74827.0 - 1296.4589933762327 - [51, 112, 73, 31, 95, 169, 134, 119, 130, 109, 189, 75, 174, 199, 41, 177, 1, 152, 11, 160, 106, 48, 26, 8, 80, 14, 111, 89, 94, 12, 72, 190, 98, 66, 6, 141, 87, 144, 154, 81, 171, 21, 194, 79, 186, 127, 88, 153, 161, 76, 145, 128, 40, 37, 118, 132, 36, 55, 195, 22, 53, 117, 15, 108, 180, 32, 62, 155, 163, 74, 113, 181, 61, 71, 20, 64, 185, 96, 27, 147, 59, 143, 159, 164, 178, 19, 0, 149, 50, 91, 121, 43, 77, 4, 114, 175, 167, 101, 99, 135]
TSPA - 75502.0 - 1298.0783649617806 - [154, 81, 180, 32, 62, 53, 195, 74, 163, 113, 61, 71, 20, 64, 185, 96, 27, 116, 147, 59, 143, 159, 34, 164, 178, 19, 149, 50, 43, 77, 4, 114, 121, 91, 0, 76, 145, 128, 132, 36, 55, 22, 18, 117, 15, 108, 171, 194, 79, 21, 170, 186, 127, 88, 153, 167, 101, 119, 109, 189, 75, 174, 199, 41, 177, 1, 152, 11, 48, 106, 26, 8, 80, 124, 110, 169, 95, 196, 135, 51, 5, 112, 73, 31, 14, 111, 42, 89, 94, 12, 72, 190, 98, 66, 172, 156, 6, 141, 87, 144]
TSPB - 68430.0 - 1285.9565393840894 - [122, 127, 24, 121, 31, 101, 38, 103, 131, 152, 50, 99, 0, 57, 137, 37, 165, 154, 134, 25, 36, 88, 55, 4, 153, 80, 157, 145, 79, 136, 73, 185, 132, 18, 52, 12, 139, 107, 189, 181, 147, 159, 64, 129, 89, 58, 72, 114, 166, 59, 119, 193, 71, 44, 150, 162, 158, 67, 3, 156, 91, 70, 51, 174, 188, 140, 148, 141, 130, 142, 21, 192, 117, 196, 84, 8, 63, 82, 69, 115, 172, 95, 16, 29, 33, 19, 190, 198, 135, 169, 66, 128, 5, 182, 2, 34, 183, 197, 179, 143]
TSPB - 68610.0 - 1284.986123997718 - [131, 121, 127, 24, 50, 112, 154, 134, 25, 36, 123, 165, 37, 102, 99, 137, 88, 55, 4, 153, 80, 157, 145, 136, 61, 73, 185, 189, 170, 181, 147, 159, 64, 129, 89, 58, 72, 85, 114, 67, 91, 51, 174, 140, 148, 141, 130, 142, 196, 117, 150, 162, 44, 71, 59, 119, 193, 139, 107, 12, 8, 63, 82, 69, 113, 115, 40, 163, 2, 182, 95, 172, 16, 52, 132, 18, 29, 33, 19, 190, 198, 135, 57, 0, 169, 66, 128, 5, 34, 183, 197, 26, 92, 122, 143, 179, 31, 101, 38, 103]
TSPB - 68255.0 - 1294.2810493875295 - [34, 183, 197, 143, 122, 127, 24, 121, 179, 31, 101, 38, 103, 131, 50, 99, 102, 112, 154, 134, 25, 36, 165, 37, 137, 88, 55, 4, 153, 57, 0, 169, 66, 135, 198, 190, 19, 80, 157, 145, 79, 136, 61, 73, 185, 132, 189, 170, 181, 87, 147, 159, 64, 129, 89, 58, 171, 72, 85, 166, 114, 67, 3, 156, 91, 70, 51, 174, 140, 148, 141, 130, 142, 21, 192, 196, 117, 150, 162, 44, 71, 119, 59, 107, 12, 52, 65, 18, 33, 29, 16, 8, 63, 82, 115, 172, 95, 182, 2, 5]
TSPB - 67947.0 - 1285.4366566445678 - [196, 117, 150, 162, 158, 166, 85, 171, 129, 64, 147, 159, 89, 58, 72, 114, 67, 156, 91, 70, 51, 174, 188, 140, 148, 141, 130, 142, 21, 53, 32, 113, 69, 115, 82, 63, 8, 163, 182, 2, 5, 34, 183, 197, 31, 101, 38, 103, 131, 121, 24, 127, 179, 143, 122, 92, 66, 169, 0, 57, 99, 50, 112, 154, 134, 25, 36, 165, 37, 137, 88, 55, 153, 80, 157, 145, 79, 19, 190, 198, 135, 95, 172, 16, 52, 132, 185, 18, 29, 33, 73, 61, 136, 170, 189, 12, 59, 119, 71, 44]
TSPB - 68770.0 - 1290.7244635848328 - [31, 34, 183, 197, 179, 143, 122, 99, 66, 5, 133, 182, 2, 115, 8, 63, 82, 69, 113, 53, 142, 130, 141, 148, 140, 188, 174, 51, 70, 91, 156, 192, 21, 196, 117, 44, 150, 162, 158, 126, 67, 114, 85, 72, 58, 89, 129, 64, 159, 147, 181, 170, 47, 189, 59, 119, 71, 139, 107, 12, 132, 185, 73, 61, 136, 33, 29, 18, 52, 16, 172, 95, 135, 198, 190, 19, 145, 157, 80, 153, 4, 55, 88, 137, 102, 37, 165, 123, 36, 25, 134, 154, 112, 50, 24, 127, 121, 103, 38, 101]
TSPB - 68768.0 - 1306.0187783939764 - [159, 89, 129, 72, 114, 67, 3, 156, 91, 70, 51, 174, 140, 148, 141, 130, 142, 21, 192, 196, 138, 53, 32, 113, 69, 82, 115, 40, 63, 8, 14, 52, 16, 172, 95, 182, 2, 5, 34, 183, 197, 122, 143, 179, 31, 101, 38, 103, 121, 127, 24, 50, 99, 0, 169, 66, 135, 198, 57, 137, 37, 165, 154, 134, 25, 36, 88, 55, 4, 153, 80, 157, 145, 190, 19, 33, 29, 18, 132, 185, 73, 136, 170, 181, 189, 12, 107, 139, 193, 119, 59, 71, 44, 117, 150, 162, 166, 85, 64, 147]
TSPB - 68517.0 - 1309.4486610321328 - [198, 190, 19, 95, 172, 16, 18, 29, 33, 136, 61, 73, 185, 132, 52, 139, 107, 12, 189, 47, 170, 181, 87, 147, 159, 64, 129, 89, 58, 72, 114, 166, 59, 119, 71, 44, 196, 192, 117, 150, 162, 158, 67, 3, 156, 91, 51, 174, 140, 148, 141, 130, 142, 53, 69, 82, 63, 8, 115, 2, 182, 5, 128, 34, 183, 197, 179, 143, 122, 127, 24, 121, 31, 101, 38, 103, 131, 152, 94, 112, 154, 134, 25, 36, 88, 55, 153, 145, 157, 80, 137, 165, 37, 102, 50, 99, 57, 169, 66, 135]
TSPB - 68353.0 - 1316.725664933212 - [185, 132, 18, 29, 33, 73, 136, 79, 145, 157, 80, 153, 4, 55, 88, 137, 37, 165, 123, 36, 25, 134, 154, 112, 50, 24, 127, 121, 103, 38, 101, 31, 34, 183, 197, 179, 143, 122, 99, 57, 0, 169, 66, 135, 198, 46, 190, 19, 95, 172, 182, 2, 115, 82, 63, 8, 14, 16, 65, 52, 12, 107, 97, 139, 193, 119, 59, 71, 44, 117, 196, 192, 21, 142, 130, 141, 148, 140, 174, 51, 70, 91, 156, 67, 158, 150, 162, 114, 85, 72, 171, 58, 89, 129, 64, 159, 147, 181, 170, 189]
TSPB - 68064.0 - 1317.0145610123873 - [188, 161, 174, 51, 70, 91, 156, 192, 196, 117, 150, 44, 71, 119, 59, 166, 162, 158, 67, 114, 72, 58, 89, 129, 64, 159, 147, 181, 170, 189, 109, 97, 139, 107, 12, 52, 65, 16, 172, 95, 135, 198, 190, 19, 33, 29, 18, 132, 185, 73, 136, 79, 145, 157, 80, 153, 55, 88, 36, 25, 134, 154, 123, 165, 37, 137, 57, 99, 50, 24, 127, 121, 131, 103, 38, 101, 31, 179, 143, 122, 197, 183, 34, 169, 66, 128, 5, 2, 182, 163, 115, 8, 63, 82, 53, 142, 130, 141, 148, 140]
TSPB - 68440.0 - 1303.7732504243031 - [119, 59, 166, 85, 72, 171, 58, 89, 129, 64, 159, 147, 181, 189, 97, 139, 107, 12, 52, 132, 185, 73, 136, 33, 18, 16, 172, 95, 135, 198, 190, 145, 157, 80, 153, 88, 137, 37, 165, 36, 25, 134, 154, 112, 50, 99, 57, 0, 169, 66, 26, 92, 122, 143, 179, 121, 127, 24, 131, 103, 38, 101, 31, 197, 183, 34, 128, 5, 133, 2, 182, 163, 40, 8, 63, 82, 115, 69, 53, 21, 192, 142, 130, 141, 148, 140, 188, 174, 51, 70, 91, 67, 114, 162, 150, 117, 196, 44, 71, 193]
TSPB - 68008.0 - 1300.1441078213975 - [89, 129, 64, 159, 147, 181, 189, 170, 73, 61, 136, 79, 145, 157, 80, 153, 55, 88, 36, 25, 134, 154, 165, 37, 137, 99, 57, 0, 169, 66, 92, 122, 143, 179, 121, 127, 24, 50, 152, 131, 103, 38, 101, 31, 197, 183, 34, 5, 182, 2, 115, 69, 113, 32, 53, 82, 63, 8, 172, 95, 135, 198, 190, 19, 33, 185, 18, 16, 52, 132, 12, 107, 59, 119, 71, 44, 162, 150, 117, 196, 192, 21, 142, 130, 141, 148, 140, 188, 174, 51, 70, 91, 156, 3, 67, 158, 114, 85, 72, 58]
TSPB - 68411.0 - 1316.1875120159239 - [16, 172, 66, 169, 0, 99, 57, 135, 198, 190, 19, 79, 145, 157, 80, 153, 4, 55, 88, 137, 37, 165, 36, 25, 134, 154, 112, 94, 152, 50, 131, 103, 38, 42, 101, 31, 121, 24, 127, 179, 143, 122, 92, 26, 197, 183, 34, 5, 2, 182, 163, 115, 82, 63, 8, 139, 59, 119, 71, 44, 162, 150, 117, 196, 192, 142, 130, 141, 148, 140, 174, 51, 70, 91, 156, 67, 114, 85, 72, 171, 58, 89, 129, 64, 159, 147, 181, 189, 107, 12, 132, 185, 73, 61, 136, 33, 29, 18, 52, 65]
TSPB - 68392.0 - 1314.8799847802147 - [71, 119, 59, 189, 170, 181, 147, 159, 64, 129, 89, 58, 72, 85, 114, 67, 158, 162, 150, 44, 117, 196, 21, 192, 156, 91, 70, 51, 174, 140, 148, 141, 130, 142, 53, 69, 115, 82, 63, 8, 40, 163, 182, 2, 5, 34, 183, 197, 179, 101, 38, 103, 121, 24, 127, 143, 122, 66, 169, 0, 57, 99, 50, 112, 154, 134, 25, 36, 165, 37, 102, 146, 137, 88, 55, 4, 153, 80, 157, 145, 79, 136, 73, 185, 132, 18, 29, 33, 19, 190, 198, 135, 95, 172, 16, 65, 52, 12, 107, 139]
TSPB - 68204.0 - 1330.221438234672 - [58, 89, 129, 64, 159, 147, 181, 170, 189, 47, 185, 18, 29, 33, 73, 136, 79, 145, 157, 80, 153, 4, 55, 88, 137, 165, 36, 25, 134, 154, 112, 50, 24, 127, 121, 131, 103, 38, 101, 31, 34, 183, 197, 179, 143, 122, 92, 26, 5, 128, 66, 169, 0, 99, 57, 135, 198, 190, 19, 95, 172, 115, 69, 82, 63, 8, 14, 16, 52, 132, 12, 107, 97, 139, 193, 119, 59, 71, 44, 162, 150, 117, 196, 192, 142, 130, 141, 148, 140, 174, 51, 91, 156, 67, 158, 114, 166, 85, 72, 171]
TSPB - 68342.0 - 1325.5071586538106 - [170, 189, 181, 147, 159, 64, 129, 89, 58, 72, 85, 114, 67, 156, 91, 70, 51, 174, 161, 188, 140, 148, 141, 130, 142, 53, 21, 192, 196, 117, 150, 162, 44, 71, 59, 119, 193, 139, 107, 12, 52, 132, 185, 18, 29, 95, 172, 16, 14, 8, 63, 82, 115, 163, 182, 2, 5, 128, 34, 183, 197, 143, 122, 127, 24, 121, 179, 31, 101, 38, 103, 131, 50, 99, 57, 0, 169, 66, 135, 198, 190, 19, 157, 80, 137, 37, 165, 154, 134, 25, 36, 88, 55, 4, 153, 145, 79, 33, 73, 136]
TSPB - 68028.0 - 1324.3868459993973 - [25, 134, 154, 112, 50, 43, 99, 102, 37, 165, 137, 57, 0, 169, 66, 128, 26, 92, 122, 143, 179, 127, 24, 121, 103, 38, 101, 31, 197, 183, 34, 5, 2, 182, 163, 8, 63, 115, 82, 53, 142, 130, 141, 148, 140, 174, 51, 70, 91, 156, 67, 158, 162, 150, 117, 192, 196, 44, 71, 119, 59, 166, 85, 114, 72, 58, 89, 129, 64, 159, 147, 181, 189, 12, 107, 139, 52, 18, 132, 185, 73, 61, 136, 33, 29, 16, 172, 95, 135, 198, 190, 19, 145, 157, 80, 153, 4, 55, 88, 36]
TSPB - 68081.0 - 1353.1449994919822 - [190, 19, 95, 172, 163, 182, 2, 115, 82, 63, 8, 84, 139, 107, 12, 59, 119, 193, 71, 44, 150, 117, 196, 192, 21, 142, 130, 141, 148, 140, 174, 51, 91, 156, 3, 67, 126, 158, 162, 166, 85, 114, 72, 171, 58, 89, 129, 64, 159, 147, 181, 170, 189, 47, 185, 132, 52, 65, 16, 18, 29, 33, 73, 61, 136, 145, 157, 80, 153, 55, 88, 36, 25, 154, 165, 37, 137, 99, 50, 24, 127, 121, 103, 38, 101, 31, 179, 143, 122, 197, 183, 34, 5, 128, 66, 169, 0, 57, 135, 198]
TSPB - 68333.0 - 1326.8894642563537 - [51, 174, 140, 148, 141, 130, 142, 21, 192, 196, 117, 150, 162, 44, 71, 59, 119, 193, 139, 107, 12, 52, 16, 8, 63, 82, 115, 69, 113, 2, 182, 172, 95, 190, 198, 135, 57, 0, 169, 66, 26, 128, 5, 34, 183, 197, 92, 122, 143, 127, 24, 121, 179, 31, 101, 38, 103, 131, 152, 112, 154, 134, 25, 36, 165, 37, 102, 50, 99, 137, 88, 153, 80, 157, 145, 79, 136, 73, 33, 29, 18, 132, 185, 189, 170, 181, 87, 147, 159, 64, 129, 89, 58, 72, 85, 114, 158, 67, 156, 91]
TSPB - 67595.0 - 1272.849805588834 - [18, 132, 185, 73, 136, 33, 29, 16, 172, 95, 135, 198, 190, 19, 145, 157, 80, 153, 55, 88, 137, 37, 165, 36, 25, 134, 154, 112, 50, 99, 57, 0, 169, 66, 92, 122, 143, 179, 121, 127, 24, 131, 103, 38, 101, 31, 34, 183, 197, 26, 128, 5, 133, 2, 182, 163, 115, 113, 69, 82, 63, 8, 139, 107, 59, 119, 193, 71, 44, 150, 162, 158, 117, 196, 192, 21, 142, 130, 141, 148, 140, 174, 51, 70, 91, 156, 67, 114, 72, 58, 89, 129, 64, 159, 147, 181, 170, 189, 12, 52]
TSPB - 68739.0 - 1279.0379512766376 - [88, 36, 25, 134, 154, 165, 37, 137, 80, 190, 198, 135, 57, 99, 169, 66, 26, 92, 122, 143, 179, 121, 127, 24, 131, 103, 38, 101, 31, 197, 183, 34, 5, 133, 2, 182, 163, 115, 82, 63, 8, 14, 84, 139, 12, 107, 97, 59, 119, 193, 71, 44, 162, 150, 117, 196, 192, 21, 142, 130, 141, 148, 140, 174, 51, 70, 91, 156, 3, 67, 114, 166, 85, 72, 58, 89, 129, 64, 159, 147, 181, 170, 47, 189, 132, 52, 16, 172, 95, 33, 29, 18, 185, 73, 61, 136, 145, 157, 153, 55]
TSPB - 68616.0 - 1285.8171286378056 - [119, 59, 166, 85, 150, 162, 158, 156, 67, 114, 72, 58, 89, 129, 64, 159, 147, 181, 170, 189, 12, 107, 97, 139, 52, 18, 132, 185, 73, 136, 19, 190, 145, 157, 80, 153, 55, 88, 137, 37, 165, 123, 36, 25, 134, 154, 112, 152, 50, 131, 103, 38, 101, 31, 179, 121, 24, 127, 122, 143, 197, 183, 34, 26, 5, 2, 182, 128, 66, 169, 99, 57, 135, 198, 95, 172, 16, 8, 63, 82, 115, 69, 53, 142, 130, 141, 148, 140, 188, 174, 51, 70, 91, 21, 192, 196, 117, 44, 71, 193]
TSPB - 67995.0 - 1291.7608079705387 - [55, 88, 137, 37, 165, 36, 25, 134, 154, 112, 152, 50, 24, 127, 121, 131, 103, 38, 101, 31, 34, 183, 197, 179, 143, 122, 92, 26, 99, 57, 0, 169, 66, 128, 5, 2, 182, 95, 172, 16, 14, 8, 63, 82, 115, 69, 113, 53, 142, 130, 141, 148, 140, 174, 51, 70, 91, 156, 3, 67, 114, 158, 162, 150, 117, 196, 44, 71, 193, 119, 59, 64, 129, 89, 159, 147, 181, 170, 189, 107, 12, 52, 65, 18, 132, 185, 73, 136, 33, 29, 19, 190, 198, 135, 79, 145, 157, 80, 153, 4]
TSPB - 68513.0 - 1290.197847138159 - [19, 190, 198, 135, 0, 57, 99, 50, 24, 127, 121, 179, 143, 122, 92, 197, 183, 26, 66, 169, 182, 2, 5, 34, 31, 101, 38, 103, 131, 152, 112, 154, 134, 25, 36, 165, 37, 102, 137, 88, 55, 153, 80, 157, 145, 136, 61, 73, 170, 189, 181, 147, 159, 64, 129, 89, 58, 72, 114, 67, 156, 91, 51, 174, 140, 148, 141, 130, 142, 21, 192, 196, 117, 44, 150, 162, 158, 166, 71, 193, 119, 59, 97, 107, 12, 139, 84, 82, 115, 63, 8, 52, 132, 185, 33, 29, 18, 16, 172, 95]
TSPB - 67979.0 - 1300.5647347746417 - [142, 130, 141, 148, 140, 188, 174, 51, 70, 91, 156, 67, 114, 166, 85, 72, 58, 89, 129, 64, 159, 147, 181, 189, 185, 73, 136, 33, 19, 190, 198, 135, 66, 169, 0, 57, 99, 102, 37, 165, 137, 80, 157, 145, 153, 4, 55, 88, 36, 25, 134, 154, 112, 50, 24, 127, 121, 131, 103, 38, 101, 31, 179, 143, 122, 92, 197, 183, 34, 5, 167, 133, 2, 182, 163, 95, 172, 115, 82, 63, 8, 14, 16, 29, 18, 132, 52, 12, 107, 139, 59, 119, 71, 44, 162, 150, 117, 196, 192, 21]
TSPB - 68635.0 - 1297.453860626556 - [131, 103, 38, 101, 31, 197, 183, 34, 5, 2, 182, 95, 172, 115, 82, 63, 8, 16, 65, 52, 12, 107, 97, 139, 193, 119, 59, 71, 44, 150, 117, 196, 192, 142, 130, 141, 148, 140, 174, 51, 70, 91, 156, 67, 158, 162, 114, 85, 72, 58, 89, 129, 64, 159, 147, 181, 170, 189, 47, 185, 132, 18, 29, 33, 73, 61, 136, 145, 157, 80, 153, 55, 88, 36, 25, 154, 165, 37, 137, 102, 99, 0, 57, 46, 190, 19, 198, 135, 169, 66, 128, 26, 92, 122, 143, 179, 121, 127, 24, 50]
TSPB - 68251.0 - 1303.8791558565572 - [197, 183, 34, 5, 2, 182, 95, 172, 16, 8, 63, 115, 82, 142, 130, 141, 148, 140, 188, 174, 51, 70, 91, 156, 3, 67, 114, 162, 150, 117, 196, 44, 71, 119, 59, 166, 85, 58, 89, 129, 64, 159, 147, 181, 170, 189, 109, 12, 107, 97, 139, 52, 18, 132, 185, 73, 136, 33, 19, 190, 198, 135, 79, 145, 157, 80, 153, 4, 55, 88, 137, 37, 165, 123, 36, 25, 134, 154, 112, 102, 99, 57, 0, 169, 66, 128, 26, 92, 122, 143, 121, 127, 24, 50, 131, 103, 38, 101, 31, 179]
TSPB - 68617.0 - 1300.1551638403907 - [26, 34, 183, 197, 122, 143, 179, 31, 101, 38, 103, 131, 121, 127, 24, 50, 99, 57, 137, 37, 165, 154, 134, 25, 36, 88, 55, 4, 153, 80, 157, 145, 79, 136, 73, 185, 132, 52, 139, 107, 12, 189, 170, 181, 147, 159, 64, 129, 89, 58, 72, 114, 166, 59, 119, 71, 44, 196, 117, 150, 162, 158, 67, 156, 192, 21, 138, 142, 130, 161, 174, 51, 91, 70, 140, 148, 141, 53, 82, 115, 63, 8, 163, 2, 182, 95, 172, 16, 18, 29, 168, 33, 19, 190, 198, 135, 169, 66, 128, 5]
TSPB - 67974.0 - 1299.8156638564542 - [159, 64, 129, 89, 58, 72, 114, 67, 158, 162, 166, 59, 119, 193, 71, 44, 150, 117, 196, 21, 192, 156, 91, 70, 51, 174, 161, 188, 140, 148, 141, 130, 142, 53, 82, 115, 63, 8, 40, 163, 182, 2, 5, 128, 66, 169, 34, 183, 197, 92, 122, 143, 179, 127, 24, 121, 31, 101, 38, 103, 131, 50, 112, 154, 134, 25, 36, 165, 37, 88, 55, 153, 137, 99, 57, 80, 157, 145, 136, 61, 73, 185, 132, 18, 29, 33, 19, 190, 198, 135, 95, 172, 16, 52, 12, 107, 189, 170, 181, 147]
TSPB - 67989.0 - 1303.8890462974086 - [145, 79, 136, 61, 73, 33, 29, 18, 185, 132, 52, 139, 107, 12, 189, 170, 181, 147, 159, 64, 129, 89, 58, 72, 114, 59, 119, 71, 44, 196, 117, 150, 162, 158, 67, 156, 91, 51, 174, 140, 148, 141, 130, 142, 53, 113, 69, 115, 82, 63, 8, 14, 16, 163, 2, 182, 172, 95, 19, 190, 198, 135, 0, 57, 99, 50, 92, 169, 66, 128, 5, 34, 183, 197, 179, 143, 122, 127, 24, 121, 31, 101, 38, 103, 131, 152, 112, 154, 134, 25, 36, 165, 37, 137, 88, 55, 4, 153, 80, 157]
TSPB - 68091.0 - 1310.109754811041 - [64, 159, 147, 181, 170, 189, 132, 18, 29, 33, 185, 73, 61, 136, 79, 145, 157, 80, 153, 4, 55, 88, 137, 37, 165, 36, 25, 154, 112, 99, 50, 127, 92, 122, 143, 179, 121, 24, 131, 103, 38, 101, 31, 197, 183, 34, 5, 128, 66, 169, 0, 57, 135, 198, 190, 19, 95, 172, 163, 182, 133, 2, 40, 115, 82, 63, 8, 16, 65, 52, 12, 107, 59, 119, 193, 71, 44, 162, 158, 150, 117, 196, 192, 21, 142, 130, 141, 148, 140, 174, 51, 70, 91, 156, 67, 114, 72, 58, 89, 129]
TSPB - 68309.0 - 1347.293539202772 - [92, 169, 66, 128, 5, 133, 2, 182, 163, 115, 82, 63, 8, 172, 95, 16, 18, 132, 52, 12, 107, 139, 193, 119, 59, 71, 44, 162, 158, 150, 117, 196, 60, 192, 21, 142, 130, 141, 148, 140, 174, 51, 91, 156, 3, 67, 114, 85, 72, 171, 58, 89, 129, 64, 159, 147, 181, 170, 189, 47, 185, 73, 61, 136, 33, 19, 190, 198, 135, 0, 99, 57, 80, 157, 145, 153, 55, 88, 137, 37, 165, 36, 25, 134, 154, 50, 24, 127, 121, 131, 103, 38, 101, 31, 34, 183, 197, 179, 143, 122]
TSPB - 68643.0 - 1302.9986345805228 - [0, 57, 80, 157, 79, 145, 153, 4, 55, 88, 137, 37, 165, 36, 25, 154, 50, 131, 103, 38, 42, 101, 31, 121, 24, 127, 122, 143, 179, 197, 183, 34, 5, 2, 182, 95, 172, 16, 8, 63, 115, 82, 53, 142, 130, 141, 148, 140, 174, 51, 70, 91, 156, 192, 196, 139, 12, 107, 193, 119, 59, 166, 71, 44, 117, 150, 162, 158, 67, 114, 85, 72, 171, 58, 89, 129, 64, 159, 147, 181, 170, 189, 47, 185, 132, 52, 18, 73, 61, 136, 33, 19, 190, 198, 135, 169, 66, 26, 92, 99]
TSPB - 68288.0 - 1306.411894960329 - [101, 38, 103, 131, 121, 127, 24, 50, 112, 154, 134, 25, 36, 123, 165, 37, 137, 88, 55, 4, 153, 80, 157, 145, 190, 198, 135, 172, 16, 18, 33, 136, 73, 185, 132, 52, 12, 107, 139, 193, 119, 59, 71, 166, 189, 181, 147, 159, 64, 129, 89, 58, 171, 72, 85, 114, 67, 156, 3, 78, 158, 162, 150, 44, 117, 196, 192, 21, 91, 70, 51, 174, 140, 148, 141, 130, 142, 53, 82, 115, 63, 8, 163, 182, 2, 5, 128, 66, 169, 0, 57, 99, 92, 122, 143, 179, 197, 183, 34, 31]
TSPB - 68434.0 - 1305.287273076363 - [99, 50, 154, 134, 25, 36, 165, 37, 137, 88, 55, 4, 153, 80, 157, 145, 19, 190, 198, 135, 95, 172, 16, 65, 52, 18, 29, 33, 136, 73, 185, 132, 12, 107, 139, 193, 71, 119, 59, 189, 170, 181, 147, 159, 64, 129, 89, 58, 72, 85, 114, 67, 158, 162, 150, 44, 117, 196, 192, 21, 142, 130, 174, 51, 91, 70, 188, 140, 148, 141, 53, 113, 69, 115, 82, 63, 8, 163, 182, 2, 5, 128, 34, 183, 197, 31, 101, 38, 103, 121, 127, 179, 143, 122, 92, 26, 66, 169, 0, 57]
TSPB - 67826.0 - 1319.4933307757601 - [50, 112, 154, 25, 36, 165, 37, 137, 88, 55, 4, 153, 80, 157, 145, 79, 136, 73, 185, 189, 170, 181, 147, 159, 64, 129, 89, 58, 72, 85, 114, 158, 126, 67, 3, 156, 91, 70, 51, 174, 140, 148, 141, 130, 142, 192, 196, 117, 150, 162, 44, 71, 59, 119, 193, 139, 107, 12, 52, 132, 18, 16, 14, 8, 63, 82, 115, 69, 32, 113, 2, 182, 163, 172, 95, 19, 190, 198, 135, 5, 128, 66, 169, 57, 99, 92, 122, 143, 179, 197, 183, 34, 31, 101, 38, 103, 131, 121, 127, 24]
TSPB - 68389.0 - 1294.8216060958803 - [88, 137, 37, 165, 123, 194, 36, 25, 134, 154, 112, 102, 99, 50, 24, 127, 121, 103, 38, 101, 31, 179, 143, 122, 92, 197, 183, 34, 5, 128, 66, 169, 0, 57, 135, 198, 95, 172, 115, 69, 82, 63, 8, 16, 18, 52, 12, 107, 139, 193, 119, 59, 71, 166, 158, 162, 150, 44, 117, 196, 192, 21, 142, 130, 141, 148, 140, 174, 51, 70, 91, 156, 67, 114, 85, 72, 58, 89, 129, 64, 159, 147, 181, 170, 47, 189, 132, 185, 73, 136, 33, 29, 19, 190, 79, 145, 157, 80, 153, 55]
TSPB - 68691.0 - 1308.1921912627295 - [92, 197, 183, 34, 5, 2, 163, 182, 133, 128, 66, 169, 57, 135, 198, 190, 19, 95, 172, 16, 52, 18, 29, 185, 132, 12, 107, 139, 59, 119, 71, 44, 117, 196, 84, 8, 63, 82, 115, 69, 113, 53, 142, 130, 141, 148, 140, 174, 51, 70, 91, 156, 3, 67, 158, 150, 162, 114, 72, 58, 89, 129, 64, 159, 147, 181, 189, 170, 73, 136, 79, 145, 157, 80, 153, 4, 55, 88, 36, 25, 134, 154, 165, 37, 137, 102, 99, 43, 50, 24, 127, 121, 131, 103, 38, 101, 31, 179, 143, 122]
TSPB - 67982.0 - 1428.4530028020963 - [181, 147, 159, 64, 129, 89, 58, 72, 114, 166, 71, 44, 196, 192, 117, 150, 162, 158, 67, 3, 156, 91, 70, 51, 174, 188, 140, 148, 141, 130, 142, 53, 113, 69, 115, 82, 63, 8, 14, 16, 18, 29, 33, 19, 190, 57, 0, 169, 66, 135, 198, 95, 172, 163, 182, 2, 133, 5, 34, 183, 197, 122, 143, 179, 31, 101, 38, 103, 121, 127, 24, 50, 99, 137, 37, 165, 154, 134, 25, 36, 88, 55, 153, 80, 157, 145, 136, 61, 73, 185, 132, 52, 12, 107, 139, 193, 119, 59, 189, 170]
TSPB - 68298.0 - 1319.4430274311453 - [158, 67, 114, 85, 72, 171, 58, 89, 129, 64, 159, 147, 181, 170, 47, 189, 59, 119, 71, 139, 107, 12, 132, 52, 16, 18, 185, 29, 33, 73, 61, 136, 79, 145, 157, 80, 153, 55, 88, 36, 25, 134, 154, 112, 152, 50, 24, 127, 121, 103, 38, 101, 31, 179, 143, 122, 92, 26, 197, 183, 34, 5, 128, 66, 169, 0, 99, 37, 165, 137, 57, 135, 198, 190, 19, 95, 172, 163, 182, 2, 115, 8, 63, 82, 142, 130, 141, 148, 140, 174, 51, 70, 91, 156, 192, 196, 117, 44, 150, 162]
TSPB - 68162.0 - 1366.0641898214817 - [80, 153, 4, 55, 88, 137, 37, 165, 36, 25, 134, 154, 112, 131, 103, 38, 101, 31, 179, 197, 183, 34, 5, 66, 92, 122, 143, 121, 127, 24, 50, 43, 99, 57, 0, 169, 135, 198, 190, 19, 33, 29, 18, 52, 65, 16, 172, 182, 2, 163, 115, 82, 63, 8, 84, 139, 107, 12, 59, 119, 193, 71, 44, 162, 150, 117, 196, 192, 21, 142, 130, 141, 148, 140, 188, 174, 51, 70, 91, 156, 67, 114, 85, 72, 58, 89, 129, 64, 159, 147, 181, 170, 47, 189, 132, 185, 73, 136, 145, 157]
TSPC - 49293.0 - 1252.6715486925095 - [167, 153, 88, 127, 186, 79, 194, 21, 171, 108, 15, 117, 53, 18, 22, 195, 55, 36, 132, 128, 0, 69, 149, 50, 121, 91, 114, 4, 77, 43, 35, 19, 178, 164, 159, 143, 59, 96, 147, 27, 185, 64, 20, 71, 113, 74, 163, 155, 62, 32, 180, 81, 154, 144, 87, 141, 24, 6, 156, 172, 66, 98, 190, 72, 94, 12, 73, 31, 197, 111, 14, 80, 123, 124, 95, 169, 110, 8, 125, 26, 119, 92, 48, 106, 198, 160, 11, 152, 1, 177, 41, 137, 199, 39, 174, 83, 75, 189, 126, 101]
TSPC - 48830.0 - 1255.8690740671009 - [74, 163, 113, 61, 71, 20, 64, 185, 96, 27, 147, 59, 143, 159, 164, 178, 19, 69, 115, 0, 149, 50, 121, 91, 114, 4, 77, 43, 192, 175, 167, 60, 9, 101, 99, 135, 51, 134, 119, 109, 189, 75, 177, 1, 152, 11, 160, 106, 48, 92, 26, 125, 8, 110, 169, 95, 31, 73, 89, 42, 94, 12, 72, 190, 98, 66, 172, 156, 6, 24, 141, 87, 154, 81, 180, 32, 62, 108, 53, 117, 171, 194, 79, 21, 157, 129, 170, 186, 88, 153, 161, 76, 145, 128, 132, 36, 55, 22, 195, 138]
TSPC - 49287.0 - 1254.6348369652405 - [105, 8, 26, 106, 160, 11, 152, 48, 92, 130, 109, 119, 135, 101, 167, 60, 189, 75, 174, 177, 1, 41, 137, 199, 192, 77, 4, 114, 175, 153, 88, 127, 186, 170, 157, 21, 79, 194, 171, 108, 15, 117, 53, 22, 195, 55, 145, 76, 161, 91, 121, 50, 149, 0, 19, 178, 164, 159, 143, 147, 27, 96, 59, 37, 128, 132, 36, 181, 185, 64, 20, 71, 113, 74, 163, 155, 93, 62, 32, 180, 81, 154, 144, 87, 141, 24, 6, 156, 172, 66, 98, 72, 12, 94, 89, 73, 31, 95, 169, 110]
TSPC - 49515.0 - 1253.2715140646324 - [20, 71, 113, 74, 163, 155, 93, 62, 53, 195, 55, 22, 117, 15, 108, 171, 21, 194, 79, 81, 154, 144, 87, 141, 24, 6, 66, 98, 190, 72, 94, 42, 89, 12, 73, 31, 111, 14, 80, 169, 95, 112, 5, 51, 135, 139, 110, 8, 26, 92, 48, 106, 160, 11, 152, 130, 119, 109, 189, 75, 1, 177, 41, 137, 174, 60, 101, 167, 186, 153, 175, 2, 4, 77, 43, 114, 91, 121, 50, 149, 0, 19, 178, 164, 159, 143, 147, 116, 27, 96, 59, 37, 40, 128, 118, 132, 36, 181, 185, 64]
TSPC - 49355.0 - 1254.18554624822 - [144, 141, 87, 79, 194, 21, 157, 171, 117, 53, 22, 55, 145, 76, 161, 153, 88, 186, 167, 60, 101, 135, 51, 5, 112, 66, 6, 172, 156, 98, 190, 72, 12, 94, 89, 73, 31, 95, 169, 8, 26, 48, 11, 152, 130, 119, 109, 126, 189, 75, 174, 177, 1, 41, 199, 150, 192, 175, 114, 4, 77, 43, 121, 91, 50, 149, 0, 69, 19, 178, 164, 40, 128, 118, 37, 158, 159, 143, 59, 147, 96, 185, 64, 20, 71, 61, 163, 74, 113, 181, 25, 85, 132, 36, 195, 62, 108, 81, 154, 102]
TSPC - 49473.0 - 1256.888464869 - [64, 185, 96, 27, 147, 59, 143, 159, 164, 178, 19, 69, 0, 149, 50, 121, 91, 114, 175, 2, 4, 77, 43, 192, 199, 137, 41, 177, 1, 75, 152, 48, 92, 130, 119, 109, 189, 126, 60, 167, 101, 99, 135, 51, 112, 95, 169, 8, 123, 124, 80, 14, 111, 31, 73, 12, 94, 72, 190, 98, 66, 156, 6, 24, 141, 79, 194, 171, 21, 157, 170, 186, 127, 88, 153, 161, 76, 145, 40, 128, 132, 36, 55, 195, 22, 53, 117, 108, 180, 32, 62, 155, 138, 74, 163, 113, 181, 61, 71, 20]
TSPC - 48925.0 - 1252.6619284953922 - [132, 36, 55, 195, 22, 18, 53, 117, 15, 108, 171, 21, 194, 79, 87, 141, 144, 102, 154, 81, 62, 155, 163, 74, 113, 181, 61, 71, 20, 64, 185, 96, 27, 116, 147, 59, 143, 159, 164, 178, 19, 69, 115, 0, 149, 50, 114, 4, 77, 192, 199, 41, 177, 1, 75, 189, 109, 130, 152, 11, 106, 48, 92, 119, 26, 139, 169, 95, 8, 123, 124, 80, 14, 111, 31, 73, 89, 94, 12, 72, 190, 98, 156, 6, 66, 112, 5, 51, 196, 135, 101, 167, 186, 127, 88, 153, 76, 145, 128, 118]
TSPC - 48842.0 - 1262.0573426820338 - [137, 174, 199, 150, 192, 43, 77, 4, 114, 175, 167, 186, 127, 88, 153, 161, 91, 121, 50, 149, 0, 115, 69, 19, 178, 164, 34, 159, 143, 147, 27, 96, 59, 37, 128, 132, 36, 54, 55, 22, 53, 195, 113, 181, 185, 64, 20, 71, 61, 163, 74, 138, 155, 62, 32, 180, 81, 108, 15, 117, 28, 171, 157, 21, 194, 79, 87, 144, 141, 6, 156, 66, 98, 190, 72, 12, 94, 89, 31, 73, 112, 51, 135, 196, 95, 169, 8, 26, 92, 48, 11, 152, 130, 119, 109, 189, 75, 1, 177, 41]
TSPC - 48707.0 - 1268.6586175551638 - [161, 153, 88, 127, 186, 45, 167, 175, 192, 199, 174, 137, 41, 177, 1, 152, 11, 160, 106, 48, 92, 130, 75, 189, 109, 119, 135, 51, 112, 95, 169, 110, 8, 124, 80, 14, 111, 31, 73, 12, 94, 72, 190, 98, 66, 6, 141, 87, 79, 194, 21, 171, 81, 32, 62, 108, 15, 117, 53, 22, 195, 55, 36, 132, 25, 181, 113, 74, 163, 61, 71, 20, 64, 185, 96, 27, 147, 59, 143, 159, 37, 118, 128, 40, 164, 178, 19, 69, 115, 0, 149, 50, 43, 77, 4, 2, 114, 121, 91, 76]
TSPC - 48452.0 - 1252.2266243211925 - [161, 76, 145, 128, 132, 36, 55, 195, 22, 53, 117, 15, 108, 171, 157, 21, 194, 79, 67, 24, 66, 98, 156, 172, 6, 141, 87, 144, 102, 133, 154, 81, 180, 32, 62, 93, 155, 163, 74, 113, 61, 71, 20, 64, 185, 116, 27, 147, 96, 59, 143, 164, 178, 19, 69, 0, 149, 50, 121, 91, 114, 4, 77, 192, 199, 41, 177, 1, 75, 189, 109, 119, 130, 152, 11, 160, 106, 48, 26, 8, 80, 111, 31, 73, 12, 94, 72, 112, 95, 169, 51, 135, 99, 101, 167, 45, 186, 127, 88, 153]
TSPC - 48818.0 - 1271.2036326434463 - [130, 119, 109, 189, 75, 1, 177, 41, 137, 174, 199, 192, 43, 77, 4, 114, 91, 121, 50, 149, 69, 19, 0, 145, 76, 157, 21, 79, 194, 171, 108, 15, 117, 53, 18, 22, 195, 55, 36, 132, 128, 40, 164, 178, 159, 143, 59, 96, 147, 27, 116, 185, 64, 20, 71, 61, 113, 74, 163, 155, 93, 62, 32, 180, 81, 154, 133, 102, 144, 87, 141, 186, 127, 88, 153, 167, 101, 99, 135, 51, 169, 95, 112, 66, 6, 98, 190, 72, 94, 89, 31, 80, 8, 125, 26, 92, 48, 106, 11, 152]
TSPC - 48985.0 - 1261.3483547726646 - [134, 119, 92, 48, 11, 152, 189, 75, 1, 177, 41, 137, 174, 101, 167, 175, 2, 4, 77, 43, 114, 91, 121, 50, 149, 0, 69, 35, 19, 178, 164, 159, 143, 59, 96, 147, 27, 116, 185, 64, 20, 71, 61, 163, 74, 113, 181, 25, 37, 118, 128, 132, 36, 55, 195, 22, 53, 117, 108, 62, 32, 180, 81, 154, 102, 144, 141, 87, 79, 194, 21, 157, 76, 161, 153, 88, 127, 186, 6, 66, 98, 190, 72, 12, 94, 89, 73, 31, 111, 14, 80, 124, 8, 169, 95, 112, 5, 51, 196, 135]
TSPC - 49169.0 - 1237.7359502622858 - [113, 36, 132, 128, 145, 76, 161, 153, 88, 127, 186, 170, 129, 157, 21, 79, 194, 171, 108, 15, 117, 53, 18, 22, 55, 195, 155, 62, 32, 180, 81, 154, 133, 102, 144, 87, 141, 24, 6, 66, 98, 190, 72, 12, 94, 42, 89, 31, 95, 169, 80, 124, 8, 26, 48, 11, 152, 130, 119, 134, 135, 99, 101, 60, 167, 175, 114, 4, 192, 189, 75, 1, 177, 199, 77, 43, 121, 91, 50, 149, 0, 69, 19, 178, 164, 34, 159, 143, 59, 96, 147, 27, 116, 185, 64, 20, 71, 61, 163, 74]
TSPC - 49271.0 - 1299.15324108582 - [177, 1, 188, 152, 11, 48, 92, 130, 119, 109, 189, 75, 174, 175, 153, 88, 127, 186, 45, 167, 101, 99, 134, 135, 51, 112, 95, 169, 110, 8, 105, 123, 124, 80, 111, 31, 73, 12, 94, 72, 190, 98, 66, 6, 141, 87, 144, 102, 79, 194, 21, 171, 154, 81, 180, 32, 62, 155, 163, 74, 113, 195, 18, 53, 108, 15, 117, 22, 55, 36, 132, 128, 181, 64, 185, 27, 147, 96, 59, 143, 159, 34, 164, 178, 19, 69, 0, 149, 50, 121, 91, 114, 4, 77, 43, 192, 150, 199, 137, 41]
TSPC - 49119.0 - 1241.102436888963 - [192, 4, 77, 43, 149, 0, 50, 121, 91, 114, 175, 153, 88, 127, 186, 170, 21, 79, 194, 171, 108, 117, 22, 55, 76, 145, 36, 132, 128, 40, 164, 178, 159, 143, 59, 96, 147, 27, 185, 64, 20, 71, 163, 74, 113, 195, 53, 62, 32, 180, 81, 154, 144, 87, 141, 6, 66, 98, 190, 72, 12, 94, 89, 42, 111, 14, 197, 31, 73, 112, 5, 51, 135, 95, 169, 124, 80, 123, 8, 26, 92, 48, 11, 152, 130, 109, 119, 134, 101, 167, 60, 126, 189, 75, 174, 177, 1, 41, 137, 199]
TSPC - 49326.0 - 1244.6311470419168 - [55, 22, 53, 117, 15, 108, 171, 194, 79, 21, 170, 186, 88, 153, 161, 76, 91, 0, 19, 69, 149, 50, 121, 114, 4, 77, 43, 192, 199, 177, 1, 75, 189, 152, 11, 160, 106, 48, 92, 130, 119, 109, 126, 9, 60, 167, 101, 135, 51, 112, 95, 169, 110, 8, 123, 124, 80, 111, 31, 73, 89, 94, 12, 72, 98, 66, 6, 141, 87, 144, 102, 154, 81, 131, 180, 32, 62, 155, 138, 74, 163, 113, 61, 71, 20, 64, 185, 96, 27, 147, 59, 143, 159, 178, 164, 128, 132, 36, 30, 195]
TSPC - 49222.0 - 1277.9988207789138 - [171, 108, 15, 117, 53, 18, 22, 195, 55, 36, 132, 128, 40, 0, 149, 69, 19, 178, 164, 37, 158, 159, 143, 59, 147, 27, 96, 185, 64, 20, 71, 61, 181, 113, 74, 163, 62, 32, 180, 81, 154, 144, 87, 141, 6, 66, 98, 190, 72, 94, 89, 31, 8, 110, 169, 95, 112, 5, 51, 135, 99, 101, 167, 60, 126, 75, 189, 109, 119, 92, 48, 106, 160, 11, 152, 1, 177, 41, 137, 199, 150, 192, 77, 43, 86, 50, 121, 91, 114, 4, 2, 175, 153, 88, 127, 186, 170, 21, 79, 194]
TSPC - 48774.0 - 1247.3377703046426 - [61, 181, 113, 74, 163, 155, 93, 62, 32, 180, 81, 171, 108, 117, 53, 22, 195, 55, 36, 145, 76, 161, 153, 88, 127, 186, 21, 194, 79, 87, 144, 141, 24, 68, 66, 6, 172, 156, 98, 190, 72, 94, 89, 42, 111, 31, 73, 112, 5, 51, 135, 196, 95, 169, 80, 124, 8, 26, 92, 48, 106, 160, 11, 152, 130, 119, 109, 189, 75, 1, 177, 199, 192, 43, 77, 4, 114, 121, 50, 149, 0, 69, 19, 178, 164, 128, 132, 118, 37, 159, 143, 59, 96, 147, 27, 116, 185, 64, 20, 71]
TSPC - 49267.0 - 1248.238978006877 - [85, 37, 118, 128, 132, 36, 55, 195, 22, 53, 62, 32, 180, 108, 15, 117, 171, 81, 154, 144, 141, 87, 79, 194, 21, 153, 88, 127, 186, 45, 167, 135, 51, 112, 66, 6, 98, 72, 94, 89, 12, 73, 31, 197, 111, 14, 80, 124, 95, 169, 110, 8, 26, 119, 92, 48, 106, 198, 160, 11, 152, 130, 109, 126, 189, 75, 1, 177, 41, 199, 192, 43, 77, 4, 114, 121, 50, 149, 0, 19, 178, 164, 159, 143, 59, 147, 116, 27, 96, 185, 64, 20, 71, 183, 61, 163, 74, 113, 181, 25]
TSPC - 49113.0 - 1248.5074992012233 - [186, 127, 88, 153, 167, 175, 114, 91, 121, 50, 43, 77, 4, 192, 199, 41, 177, 1, 75, 189, 109, 119, 130, 152, 11, 48, 92, 26, 8, 110, 169, 95, 105, 123, 124, 80, 14, 111, 42, 89, 94, 12, 31, 73, 112, 5, 72, 190, 98, 66, 6, 141, 87, 144, 102, 154, 81, 180, 32, 62, 108, 53, 22, 195, 74, 163, 113, 181, 25, 61, 183, 71, 20, 64, 185, 96, 27, 147, 59, 143, 159, 34, 164, 178, 19, 35, 149, 69, 0, 128, 132, 36, 55, 117, 171, 194, 79, 21, 157, 170]
TSPC - 49038.0 - 1280.512924338691 - [62, 108, 117, 53, 22, 195, 55, 76, 145, 36, 132, 128, 37, 25, 181, 113, 74, 163, 61, 71, 20, 64, 185, 96, 27, 147, 59, 143, 159, 34, 164, 178, 19, 69, 115, 0, 149, 50, 121, 91, 114, 4, 77, 43, 192, 199, 137, 41, 177, 1, 152, 11, 106, 48, 92, 119, 109, 189, 75, 174, 83, 175, 153, 88, 127, 186, 167, 101, 99, 134, 135, 51, 112, 73, 31, 95, 169, 8, 124, 80, 14, 111, 89, 94, 72, 190, 98, 66, 6, 141, 87, 79, 194, 21, 157, 171, 154, 81, 180, 32]
TSPC - 48601.0 - 1283.1671272758394 - [66, 172, 156, 6, 141, 87, 144, 154, 81, 108, 53, 117, 171, 194, 79, 21, 157, 129, 170, 186, 88, 153, 161, 76, 145, 55, 22, 195, 74, 163, 113, 61, 71, 20, 64, 185, 96, 27, 147, 59, 143, 159, 37, 132, 36, 128, 40, 164, 178, 19, 0, 149, 50, 121, 114, 4, 77, 43, 192, 199, 41, 1, 177, 137, 174, 75, 189, 109, 119, 130, 152, 11, 160, 198, 106, 48, 92, 26, 8, 123, 80, 124, 110, 169, 95, 135, 51, 5, 112, 73, 31, 14, 111, 42, 89, 94, 12, 72, 190, 98]
TSPC - 48885.0 - 1247.3014030931517 - [88, 153, 175, 114, 91, 121, 50, 149, 43, 77, 4, 192, 199, 137, 41, 177, 1, 75, 189, 167, 101, 99, 135, 134, 119, 130, 152, 11, 160, 198, 106, 48, 92, 26, 8, 123, 80, 124, 169, 95, 31, 73, 89, 94, 12, 72, 190, 98, 66, 156, 6, 141, 87, 144, 102, 44, 133, 154, 81, 180, 32, 62, 93, 155, 163, 74, 113, 181, 61, 71, 20, 56, 64, 185, 96, 27, 116, 147, 59, 143, 159, 164, 178, 19, 0, 128, 132, 55, 195, 22, 53, 117, 15, 108, 171, 21, 194, 79, 186, 127]
TSPC - 49286.0 - 1258.591875818558 - [76, 145, 128, 118, 132, 36, 55, 195, 22, 18, 53, 117, 15, 108, 171, 81, 62, 163, 74, 113, 61, 71, 20, 64, 185, 96, 59, 143, 159, 34, 164, 178, 19, 69, 115, 0, 149, 50, 43, 121, 91, 114, 4, 77, 192, 199, 174, 75, 177, 137, 41, 1, 188, 152, 11, 160, 106, 48, 92, 26, 119, 130, 109, 189, 60, 167, 101, 99, 135, 51, 5, 112, 95, 169, 8, 124, 80, 14, 111, 31, 73, 12, 94, 72, 190, 98, 66, 6, 24, 141, 87, 79, 194, 21, 157, 170, 186, 127, 88, 153]
TSPC - 49341.0 - 1313.8345323670655 - [94, 89, 73, 31, 111, 14, 80, 8, 110, 169, 95, 135, 101, 167, 60, 75, 189, 109, 119, 26, 106, 198, 48, 11, 152, 1, 177, 41, 199, 192, 4, 77, 43, 50, 149, 0, 19, 178, 164, 34, 159, 143, 59, 147, 96, 185, 64, 20, 71, 61, 113, 163, 74, 195, 53, 22, 55, 36, 132, 128, 145, 76, 161, 91, 121, 114, 175, 153, 88, 127, 45, 186, 170, 129, 157, 21, 79, 194, 171, 117, 62, 32, 180, 81, 154, 133, 102, 144, 87, 141, 6, 156, 172, 66, 98, 190, 72, 5, 112, 12]
TSPC - 48641.0 - 1252.5309436880052 - [61, 71, 20, 64, 185, 25, 181, 113, 36, 132, 128, 37, 158, 59, 96, 27, 116, 147, 143, 159, 164, 178, 19, 69, 115, 0, 149, 50, 121, 91, 114, 2, 4, 77, 43, 192, 150, 199, 41, 1, 177, 137, 174, 75, 189, 109, 119, 130, 152, 11, 106, 48, 92, 26, 8, 123, 80, 124, 110, 169, 95, 31, 73, 72, 190, 98, 156, 6, 66, 112, 5, 51, 135, 167, 88, 127, 186, 170, 21, 194, 79, 87, 141, 144, 102, 154, 81, 171, 180, 32, 62, 53, 108, 15, 117, 22, 55, 195, 74, 163]
TSPC - 49540.0 - 1256.3952919235453 - [127, 88, 153, 167, 101, 99, 135, 51, 112, 72, 190, 98, 94, 89, 111, 14, 197, 31, 73, 95, 169, 80, 124, 8, 26, 92, 48, 106, 198, 160, 162, 11, 152, 130, 119, 109, 126, 189, 75, 174, 177, 1, 41, 137, 39, 199, 192, 77, 4, 114, 121, 50, 149, 0, 19, 178, 164, 34, 159, 143, 147, 116, 27, 96, 59, 37, 128, 132, 36, 181, 25, 185, 64, 20, 71, 61, 113, 163, 74, 138, 155, 93, 62, 53, 195, 55, 22, 117, 108, 81, 154, 102, 144, 141, 87, 79, 194, 21, 170, 186]
TSPC - 49108.0 - 1248.0869811335579 - [132, 36, 85, 185, 64, 20, 71, 61, 25, 181, 113, 74, 163, 62, 32, 81, 154, 102, 144, 141, 87, 79, 194, 21, 157, 171, 108, 15, 117, 53, 22, 195, 55, 76, 161, 153, 88, 127, 186, 167, 101, 135, 196, 51, 5, 112, 72, 190, 66, 98, 94, 12, 73, 31, 95, 169, 8, 26, 92, 48, 106, 160, 11, 152, 130, 119, 109, 189, 75, 174, 177, 1, 41, 137, 199, 192, 43, 77, 4, 114, 91, 121, 50, 149, 0, 69, 19, 178, 164, 159, 143, 59, 147, 27, 96, 158, 37, 84, 118, 128]
TSPC - 49220.0 - 1295.4533388298005 - [43, 121, 91, 50, 149, 0, 115, 69, 19, 178, 164, 159, 143, 59, 147, 27, 96, 185, 64, 20, 71, 61, 181, 132, 36, 113, 163, 74, 138, 195, 55, 22, 53, 117, 15, 108, 62, 93, 32, 180, 81, 154, 133, 171, 157, 21, 194, 79, 87, 141, 6, 156, 66, 98, 190, 72, 94, 12, 73, 31, 111, 14, 80, 124, 8, 26, 130, 92, 48, 106, 198, 160, 11, 152, 1, 177, 75, 189, 109, 119, 139, 110, 169, 95, 51, 135, 99, 101, 60, 167, 45, 186, 127, 88, 153, 175, 114, 2, 4, 77]
TSPC - 49647.0 - 1259.364810904488 - [48, 26, 8, 80, 124, 110, 169, 95, 135, 51, 5, 112, 73, 31, 111, 42, 89, 94, 12, 72, 190, 98, 66, 172, 156, 6, 141, 79, 194, 21, 157, 171, 15, 117, 28, 55, 195, 22, 18, 53, 108, 81, 180, 32, 62, 155, 163, 74, 113, 61, 71, 20, 64, 185, 46, 96, 27, 116, 147, 143, 159, 59, 37, 132, 128, 164, 178, 19, 69, 0, 149, 50, 121, 91, 114, 77, 4, 175, 153, 88, 127, 186, 167, 101, 60, 174, 137, 41, 177, 1, 75, 189, 119, 130, 92, 152, 11, 160, 198, 106]
TSPC - 49206.0 - 1270.8447050917894 - [135, 196, 95, 169, 110, 8, 125, 26, 92, 48, 106, 11, 152, 130, 119, 109, 189, 75, 1, 41, 177, 174, 167, 45, 186, 127, 88, 153, 91, 121, 114, 4, 77, 43, 50, 149, 0, 69, 19, 178, 164, 34, 40, 128, 36, 132, 37, 159, 143, 59, 147, 116, 27, 96, 185, 64, 20, 71, 61, 181, 113, 163, 74, 195, 55, 22, 117, 15, 108, 53, 62, 93, 32, 180, 81, 171, 21, 157, 170, 194, 79, 87, 144, 141, 67, 24, 6, 156, 172, 66, 98, 72, 94, 89, 42, 111, 31, 73, 112, 51]
TSPC - 48841.0 - 1249.9401984242722 - [41, 137, 174, 189, 126, 101, 167, 45, 186, 127, 88, 153, 114, 4, 77, 121, 91, 50, 149, 0, 19, 178, 164, 128, 36, 132, 37, 159, 143, 59, 147, 27, 96, 185, 64, 20, 71, 61, 113, 163, 74, 138, 195, 55, 22, 53, 117, 15, 108, 62, 32, 180, 81, 154, 171, 21, 194, 79, 87, 141, 24, 6, 156, 66, 98, 190, 72, 112, 73, 31, 12, 94, 89, 42, 111, 14, 80, 124, 123, 105, 8, 110, 169, 95, 196, 51, 135, 134, 109, 119, 92, 48, 106, 160, 11, 152, 130, 75, 1, 177]
TSPC - 49239.0 - 1268.6821383051574 - [69, 19, 178, 164, 159, 143, 147, 116, 27, 96, 59, 128, 132, 36, 181, 185, 64, 20, 71, 183, 61, 113, 74, 163, 62, 108, 117, 53, 22, 195, 55, 145, 76, 153, 88, 127, 186, 170, 157, 21, 79, 194, 171, 81, 154, 144, 87, 141, 6, 66, 98, 190, 72, 94, 89, 31, 95, 169, 80, 124, 8, 26, 92, 48, 106, 160, 11, 152, 130, 119, 134, 196, 112, 5, 51, 135, 99, 101, 167, 60, 126, 109, 189, 75, 1, 177, 41, 199, 150, 192, 43, 77, 4, 2, 114, 91, 121, 50, 149, 0]
TSPC - 49524.0 - 1261.1753606963903 - [113, 163, 74, 138, 155, 62, 32, 180, 81, 171, 108, 117, 53, 22, 195, 55, 36, 132, 76, 153, 88, 127, 186, 170, 157, 21, 194, 79, 87, 102, 144, 141, 24, 6, 156, 66, 98, 190, 72, 112, 51, 135, 196, 169, 95, 73, 12, 94, 89, 31, 80, 124, 123, 105, 8, 26, 92, 48, 11, 152, 1, 177, 41, 137, 174, 75, 189, 126, 101, 167, 175, 4, 77, 114, 91, 121, 50, 149, 0, 19, 178, 164, 40, 128, 37, 158, 59, 159, 143, 147, 116, 27, 96, 185, 64, 20, 71, 61, 25, 181]
TSPC - 48721.0 - 1254.2588584488258 - [87, 79, 194, 21, 157, 161, 76, 145, 128, 132, 36, 55, 195, 22, 53, 117, 108, 171, 81, 180, 32, 62, 155, 163, 74, 113, 181, 61, 71, 20, 64, 185, 96, 27, 147, 59, 143, 159, 164, 178, 19, 69, 0, 149, 50, 121, 91, 114, 4, 77, 192, 199, 41, 1, 177, 137, 174, 75, 189, 109, 119, 130, 152, 11, 160, 198, 106, 48, 92, 26, 125, 8, 110, 169, 95, 31, 14, 111, 42, 89, 94, 12, 72, 98, 156, 6, 66, 190, 112, 5, 51, 196, 135, 101, 167, 88, 186, 24, 141, 144]
TSPC - 49316.0 - 1290.5561462109908 - [153, 91, 121, 50, 149, 0, 19, 35, 43, 77, 114, 4, 192, 199, 137, 41, 177, 1, 75, 189, 109, 130, 188, 152, 11, 160, 106, 48, 92, 26, 119, 134, 135, 51, 5, 112, 95, 169, 8, 124, 80, 31, 73, 89, 94, 12, 72, 190, 98, 66, 6, 141, 87, 144, 154, 81, 180, 32, 62, 155, 163, 74, 113, 71, 20, 64, 185, 116, 27, 147, 96, 63, 59, 143, 159, 158, 37, 34, 178, 164, 40, 128, 118, 132, 36, 55, 195, 22, 53, 117, 15, 108, 171, 194, 79, 21, 157, 170, 186, 88]
TSPC - 49042.0 - 1355.936589512974 - [101, 135, 51, 5, 112, 95, 169, 139, 119, 109, 189, 75, 174, 137, 41, 177, 1, 152, 11, 48, 92, 26, 8, 80, 111, 31, 73, 12, 89, 94, 72, 190, 98, 66, 156, 6, 141, 87, 144, 102, 154, 81, 180, 32, 62, 93, 155, 47, 195, 113, 74, 163, 61, 71, 20, 64, 185, 116, 27, 147, 96, 59, 143, 132, 36, 128, 164, 178, 19, 69, 0, 149, 50, 86, 43, 77, 4, 114, 121, 91, 161, 76, 55, 22, 18, 53, 117, 15, 108, 171, 194, 79, 21, 170, 186, 45, 127, 88, 153, 167]
TSPC - 49399.0 - 1290.7331700036302 - [48, 26, 8, 169, 95, 135, 51, 112, 73, 31, 89, 94, 72, 190, 98, 66, 156, 6, 141, 87, 144, 102, 154, 81, 171, 21, 194, 79, 186, 45, 127, 88, 153, 161, 76, 145, 36, 113, 195, 55, 22, 18, 53, 117, 15, 108, 180, 32, 62, 155, 74, 163, 61, 71, 20, 56, 64, 185, 96, 27, 116, 147, 59, 143, 159, 158, 37, 118, 132, 128, 40, 34, 164, 178, 19, 35, 69, 115, 0, 149, 50, 121, 91, 114, 4, 77, 192, 199, 41, 177, 1, 75, 189, 119, 130, 152, 11, 160, 198, 106]
TSPC - 48722.0 - 1293.3628823859617 - [143, 159, 34, 40, 164, 178, 19, 0, 149, 50, 121, 114, 4, 77, 43, 192, 150, 199, 39, 174, 137, 41, 177, 1, 75, 189, 109, 119, 130, 152, 11, 160, 198, 106, 48, 92, 26, 125, 8, 123, 124, 80, 31, 89, 94, 72, 98, 156, 6, 66, 112, 95, 169, 51, 135, 99, 101, 167, 186, 127, 88, 153, 161, 76, 157, 21, 194, 79, 87, 141, 144, 102, 154, 81, 180, 32, 62, 108, 171, 15, 117, 53, 22, 195, 55, 36, 128, 132, 113, 74, 163, 61, 71, 20, 64, 185, 96, 27, 147, 59]
TSPC - 49469.0 - 1301.193334964104 - [27, 96, 185, 64, 20, 71, 61, 113, 163, 74, 138, 195, 132, 36, 55, 22, 18, 53, 47, 155, 93, 62, 32, 108, 15, 117, 171, 21, 194, 79, 87, 141, 6, 156, 66, 98, 190, 72, 73, 31, 111, 14, 80, 124, 123, 8, 26, 92, 48, 106, 11, 152, 1, 177, 41, 137, 199, 39, 174, 75, 189, 109, 130, 119, 134, 139, 110, 169, 95, 112, 5, 51, 135, 99, 101, 167, 186, 127, 88, 153, 91, 121, 114, 2, 4, 77, 43, 50, 149, 0, 69, 19, 178, 164, 40, 128, 159, 143, 59, 147]
TSPD - 45716.0 - 1252.4407501406968 - [18, 132, 185, 47, 189, 147, 159, 64, 129, 89, 58, 171, 72, 114, 67, 91, 70, 51, 174, 140, 148, 141, 130, 142, 21, 192, 196, 117, 150, 158, 162, 44, 71, 59, 119, 193, 139, 97, 107, 12, 52, 65, 16, 14, 8, 63, 82, 115, 163, 182, 2, 133, 5, 128, 66, 169, 26, 34, 183, 197, 143, 179, 31, 101, 38, 103, 121, 24, 127, 122, 92, 99, 137, 37, 165, 123, 154, 134, 25, 36, 88, 55, 4, 153, 180, 145, 79, 157, 80, 57, 0, 135, 198, 190, 19, 6, 33, 136, 73, 29]
TSPD - 46017.0 - 1255.1304229190573 - [158, 126, 67, 45, 78, 3, 156, 91, 70, 51, 174, 188, 140, 148, 141, 130, 142, 53, 69, 115, 82, 63, 8, 172, 95, 169, 66, 128, 5, 34, 183, 197, 92, 122, 143, 179, 31, 101, 38, 103, 131, 121, 127, 24, 50, 154, 25, 36, 165, 37, 88, 55, 153, 145, 79, 157, 80, 137, 146, 99, 57, 0, 135, 198, 190, 19, 6, 33, 136, 61, 73, 185, 81, 29, 18, 16, 52, 132, 12, 107, 97, 59, 119, 71, 166, 147, 159, 64, 129, 89, 58, 72, 85, 114, 162, 150, 44, 117, 196, 192]
TSPD - 45739.0 - 1261.520717621781 - [119, 71, 44, 162, 150, 117, 196, 192, 21, 142, 130, 141, 148, 140, 174, 51, 70, 91, 156, 3, 67, 114, 72, 89, 129, 64, 159, 147, 181, 170, 136, 61, 73, 185, 132, 18, 29, 33, 6, 19, 190, 198, 135, 79, 145, 157, 80, 153, 4, 55, 88, 194, 36, 25, 134, 154, 123, 165, 37, 137, 146, 99, 0, 169, 66, 26, 92, 122, 43, 50, 94, 152, 125, 131, 103, 38, 42, 101, 31, 121, 24, 127, 143, 179, 197, 183, 34, 5, 182, 163, 115, 82, 63, 8, 16, 65, 52, 12, 107, 59]
TSPD - 45576.0 - 1274.8524936828762 - [82, 63, 8, 16, 65, 52, 18, 29, 33, 19, 190, 198, 135, 169, 66, 128, 182, 2, 5, 34, 183, 197, 31, 101, 38, 103, 131, 24, 127, 121, 179, 143, 122, 92, 99, 57, 146, 137, 102, 37, 165, 123, 194, 154, 134, 25, 36, 88, 55, 4, 153, 80, 157, 145, 136, 73, 81, 185, 132, 12, 107, 189, 170, 181, 147, 159, 64, 129, 89, 58, 85, 166, 59, 119, 193, 71, 44, 196, 192, 117, 150, 162, 158, 114, 67, 156, 91, 51, 174, 140, 148, 141, 130, 142, 53, 96, 32, 113, 69, 115]
TSPD - 45328.0 - 1266.2660646308213 - [50, 112, 154, 134, 25, 36, 194, 123, 165, 37, 137, 88, 55, 4, 153, 80, 157, 145, 79, 135, 198, 190, 19, 33, 73, 185, 132, 18, 65, 52, 12, 107, 97, 109, 189, 181, 147, 159, 64, 129, 89, 58, 171, 72, 114, 166, 59, 119, 71, 44, 196, 117, 150, 162, 158, 67, 45, 3, 156, 91, 51, 174, 161, 188, 140, 148, 141, 130, 142, 13, 53, 113, 69, 115, 82, 63, 8, 16, 172, 95, 163, 182, 2, 133, 5, 128, 66, 169, 92, 122, 143, 179, 197, 183, 34, 31, 101, 121, 127, 24]
TSPD - 45851.0 - 1260.5953503847122 - [134, 154, 112, 94, 50, 24, 127, 121, 131, 103, 38, 42, 101, 31, 179, 143, 122, 92, 99, 77, 57, 0, 169, 66, 26, 197, 183, 34, 5, 182, 163, 172, 16, 52, 14, 84, 8, 63, 82, 115, 69, 53, 142, 130, 141, 148, 140, 174, 51, 70, 91, 156, 3, 67, 162, 150, 117, 196, 44, 71, 193, 119, 59, 166, 114, 72, 58, 89, 129, 64, 159, 147, 181, 189, 12, 132, 18, 29, 81, 185, 73, 61, 136, 33, 6, 19, 190, 198, 135, 157, 80, 153, 4, 55, 88, 137, 37, 165, 36, 25]
TSPD - 45448.0 - 1237.2124771317467 - [166, 71, 59, 119, 193, 139, 107, 12, 132, 185, 73, 33, 29, 18, 16, 172, 95, 22, 19, 190, 198, 135, 66, 169, 0, 57, 80, 157, 145, 153, 55, 88, 137, 37, 165, 123, 194, 36, 25, 134, 154, 102, 99, 43, 50, 152, 131, 103, 38, 101, 31, 121, 24, 127, 179, 143, 122, 92, 26, 197, 183, 34, 5, 2, 182, 163, 8, 63, 115, 82, 142, 130, 141, 148, 140, 174, 51, 70, 91, 156, 3, 192, 196, 117, 44, 150, 162, 158, 67, 114, 85, 72, 171, 58, 89, 129, 64, 159, 147, 28]
TSPD - 45732.0 - 1260.63899504859 - [165, 123, 154, 134, 25, 36, 88, 55, 4, 153, 80, 157, 145, 190, 19, 136, 61, 73, 185, 29, 18, 132, 52, 12, 139, 97, 107, 109, 47, 189, 181, 187, 147, 159, 64, 129, 89, 72, 114, 166, 59, 119, 193, 71, 44, 150, 162, 67, 156, 91, 51, 174, 140, 148, 141, 130, 142, 21, 192, 117, 196, 138, 82, 115, 63, 8, 14, 16, 172, 95, 163, 182, 2, 5, 34, 183, 197, 31, 101, 42, 38, 103, 131, 24, 127, 121, 179, 143, 122, 92, 26, 128, 66, 169, 135, 198, 57, 99, 137, 37]
TSPD - 45310.0 - 1287.0756693212315 - [64, 129, 89, 58, 72, 85, 166, 59, 119, 193, 71, 44, 196, 117, 150, 162, 158, 114, 67, 3, 156, 174, 140, 148, 141, 130, 142, 53, 32, 113, 69, 115, 82, 63, 8, 182, 2, 5, 128, 66, 169, 26, 34, 183, 197, 122, 143, 179, 31, 101, 38, 103, 131, 121, 127, 24, 50, 99, 57, 146, 137, 37, 165, 123, 154, 134, 25, 36, 88, 55, 4, 153, 80, 157, 145, 79, 136, 61, 73, 185, 132, 18, 29, 33, 19, 190, 198, 135, 95, 74, 172, 16, 65, 52, 12, 189, 170, 181, 147, 159]
TSPD - 45479.0 - 1278.6591014722362 - [169, 0, 99, 57, 46, 135, 198, 190, 95, 172, 16, 14, 8, 63, 82, 115, 69, 53, 13, 142, 130, 141, 148, 140, 188, 161, 174, 51, 70, 91, 156, 3, 155, 192, 196, 117, 193, 119, 59, 71, 44, 150, 162, 158, 67, 114, 72, 89, 129, 64, 159, 147, 181, 189, 12, 107, 139, 52, 132, 185, 18, 29, 168, 33, 73, 136, 79, 145, 157, 80, 153, 4, 55, 88, 137, 146, 37, 165, 36, 25, 154, 50, 24, 127, 121, 131, 103, 38, 42, 101, 31, 179, 143, 122, 197, 183, 34, 5, 128, 66]
TSPD - 45615.0 - 1250.348775818944 - [143, 122, 66, 169, 0, 57, 77, 99, 43, 50, 94, 112, 154, 134, 25, 36, 194, 123, 165, 37, 137, 88, 55, 4, 153, 80, 157, 145, 190, 198, 135, 172, 16, 18, 29, 33, 136, 73, 185, 132, 65, 52, 12, 107, 59, 119, 71, 44, 117, 196, 21, 192, 150, 162, 166, 85, 129, 64, 159, 89, 58, 72, 114, 158, 67, 3, 156, 91, 70, 51, 174, 161, 188, 140, 148, 141, 130, 142, 53, 32, 113, 69, 115, 82, 63, 8, 182, 5, 34, 183, 197, 31, 101, 38, 103, 131, 24, 127, 121, 179]
TSPD - 45375.0 - 1279.805619017221 - [19, 95, 172, 16, 8, 63, 40, 115, 82, 53, 142, 130, 141, 148, 140, 174, 51, 91, 156, 3, 45, 67, 192, 196, 117, 44, 150, 162, 158, 114, 72, 58, 89, 159, 147, 64, 129, 85, 166, 28, 71, 59, 119, 193, 139, 97, 107, 12, 52, 132, 185, 18, 29, 33, 73, 136, 79, 145, 157, 80, 153, 4, 55, 88, 36, 25, 134, 154, 194, 123, 165, 37, 102, 43, 50, 24, 127, 122, 143, 179, 121, 131, 103, 38, 101, 31, 34, 183, 197, 26, 92, 99, 137, 146, 57, 169, 66, 135, 198, 190]
TSPD - 45016.0 - 1293.7134082010016 - [53, 113, 69, 115, 82, 63, 8, 172, 95, 16, 52, 18, 29, 19, 190, 198, 135, 169, 66, 128, 167, 5, 34, 183, 197, 122, 143, 179, 31, 101, 42, 38, 103, 131, 121, 127, 24, 50, 112, 154, 134, 25, 36, 165, 37, 102, 99, 137, 88, 55, 4, 153, 80, 157, 145, 79, 136, 61, 73, 185, 132, 47, 189, 12, 107, 97, 139, 193, 119, 59, 166, 85, 171, 129, 64, 147, 159, 89, 58, 72, 114, 67, 126, 158, 162, 71, 44, 150, 117, 196, 192, 142, 174, 51, 91, 70, 140, 148, 130, 141]
TSPD - 45945.0 - 1272.4900811687112 - [92, 26, 169, 66, 128, 5, 182, 163, 115, 69, 113, 32, 53, 13, 142, 130, 141, 148, 140, 188, 174, 51, 91, 156, 3, 45, 67, 158, 162, 114, 72, 58, 89, 129, 64, 159, 147, 181, 189, 12, 107, 59, 119, 193, 71, 44, 150, 117, 196, 192, 21, 82, 63, 8, 16, 52, 18, 132, 185, 73, 61, 136, 33, 29, 19, 190, 198, 135, 79, 145, 157, 80, 153, 55, 88, 137, 146, 37, 165, 123, 194, 36, 25, 134, 154, 102, 99, 50, 24, 127, 121, 103, 38, 101, 31, 34, 183, 179, 143, 122]
TSPD - 45890.0 - 1270.0694573838264 - [128, 66, 169, 0, 57, 77, 99, 137, 37, 165, 154, 134, 25, 36, 88, 55, 4, 153, 80, 157, 145, 79, 86, 19, 190, 198, 135, 95, 172, 16, 18, 29, 33, 136, 61, 73, 81, 185, 132, 52, 12, 107, 139, 193, 71, 119, 59, 109, 189, 170, 181, 147, 159, 64, 129, 89, 58, 72, 114, 67, 162, 150, 44, 117, 196, 51, 91, 70, 174, 188, 140, 148, 141, 130, 142, 13, 53, 113, 69, 115, 82, 63, 8, 163, 182, 5, 34, 183, 197, 31, 101, 38, 103, 121, 127, 179, 143, 122, 92, 26]
TSPD - 45880.0 - 1261.1012784624472 - [70, 51, 174, 188, 140, 148, 141, 130, 142, 13, 53, 113, 69, 115, 82, 63, 8, 16, 172, 95, 19, 190, 198, 135, 66, 169, 0, 57, 99, 116, 92, 26, 128, 182, 2, 5, 34, 183, 197, 179, 143, 122, 127, 24, 121, 31, 101, 42, 38, 103, 131, 50, 94, 112, 154, 25, 36, 165, 37, 137, 88, 55, 153, 80, 157, 145, 79, 136, 61, 73, 185, 81, 33, 29, 18, 132, 52, 12, 107, 97, 139, 196, 117, 150, 44, 71, 119, 59, 166, 147, 159, 64, 129, 89, 72, 114, 162, 67, 156, 91]
TSPD - 45677.0 - 1258.958908624947 - [142, 130, 141, 148, 140, 174, 51, 91, 156, 67, 114, 158, 162, 150, 44, 117, 196, 192, 21, 82, 63, 8, 14, 16, 65, 52, 12, 107, 97, 139, 193, 119, 59, 71, 166, 85, 58, 89, 129, 64, 159, 147, 189, 47, 185, 132, 18, 29, 168, 33, 73, 136, 79, 145, 157, 80, 153, 55, 88, 36, 25, 134, 154, 123, 165, 37, 137, 146, 57, 99, 50, 24, 127, 121, 103, 38, 42, 101, 31, 179, 143, 122, 92, 197, 183, 34, 26, 66, 169, 135, 198, 190, 19, 95, 172, 163, 40, 115, 69, 53]
TSPD - 45289.0 - 1253.2025366723537 - [134, 154, 165, 37, 137, 99, 77, 57, 0, 169, 66, 92, 122, 143, 127, 24, 131, 103, 121, 179, 197, 183, 34, 5, 2, 182, 172, 95, 135, 198, 190, 19, 6, 33, 29, 18, 16, 8, 63, 82, 115, 69, 113, 32, 53, 13, 142, 130, 141, 148, 140, 188, 174, 51, 70, 91, 156, 3, 192, 196, 117, 44, 150, 162, 158, 126, 45, 67, 114, 72, 58, 89, 159, 64, 129, 85, 166, 71, 193, 119, 59, 97, 107, 12, 52, 132, 185, 73, 61, 136, 79, 145, 157, 80, 153, 4, 55, 88, 36, 25]
TSPD - 45578.0 - 1265.9466215046123 - [42, 38, 103, 131, 121, 127, 24, 50, 152, 94, 112, 154, 134, 25, 36, 165, 37, 137, 88, 55, 153, 80, 157, 145, 73, 185, 47, 189, 170, 181, 187, 87, 59, 119, 193, 71, 166, 147, 159, 64, 129, 89, 58, 72, 85, 114, 44, 196, 192, 117, 150, 162, 158, 67, 45, 3, 156, 91, 70, 51, 174, 188, 140, 148, 141, 130, 142, 13, 53, 69, 115, 82, 63, 8, 14, 16, 52, 107, 12, 132, 18, 29, 19, 190, 198, 135, 57, 99, 0, 169, 66, 92, 122, 143, 179, 197, 183, 34, 31, 101]
TSPD - 45293.0 - 1259.909143649973 - [182, 2, 133, 5, 128, 66, 169, 135, 0, 57, 99, 92, 122, 143, 179, 197, 183, 34, 31, 101, 42, 38, 103, 131, 121, 127, 24, 50, 94, 112, 154, 25, 36, 165, 37, 137, 88, 55, 153, 80, 157, 145, 79, 136, 73, 185, 12, 189, 181, 147, 159, 64, 129, 89, 58, 72, 114, 85, 166, 59, 119, 71, 44, 196, 21, 192, 117, 150, 162, 158, 67, 3, 156, 91, 70, 51, 174, 140, 148, 141, 130, 142, 53, 113, 69, 115, 82, 63, 8, 14, 16, 52, 18, 29, 33, 19, 190, 198, 95, 172]
TSPD - 45704.0 - 1260.0208600414917 - [192, 21, 53, 32, 113, 69, 115, 82, 63, 8, 172, 95, 16, 52, 18, 29, 33, 6, 19, 190, 198, 135, 5, 128, 66, 169, 0, 57, 99, 116, 43, 50, 24, 127, 121, 179, 143, 197, 183, 34, 31, 101, 38, 103, 131, 112, 154, 134, 25, 36, 123, 165, 37, 146, 137, 88, 55, 4, 153, 80, 157, 145, 79, 136, 61, 73, 185, 132, 12, 107, 193, 119, 59, 64, 147, 159, 89, 129, 58, 171, 72, 114, 166, 71, 44, 196, 117, 150, 162, 158, 126, 67, 91, 51, 174, 140, 148, 141, 130, 142]
TSPD - 45848.0 - 1282.1788473017514 - [188, 140, 148, 141, 130, 142, 53, 82, 63, 8, 14, 16, 172, 95, 163, 182, 2, 133, 5, 128, 66, 169, 92, 122, 143, 179, 197, 183, 34, 31, 101, 42, 38, 103, 131, 121, 127, 24, 50, 94, 112, 154, 134, 25, 36, 88, 153, 145, 157, 80, 137, 165, 37, 99, 57, 0, 135, 198, 190, 19, 6, 33, 29, 18, 132, 185, 73, 136, 170, 47, 189, 181, 187, 87, 147, 159, 64, 129, 89, 58, 85, 166, 71, 193, 119, 59, 12, 107, 139, 196, 117, 44, 150, 162, 158, 67, 156, 91, 51, 174]
TSPD - 45828.0 - 1258.2971321670339 - [117, 150, 162, 44, 71, 119, 59, 97, 107, 12, 52, 16, 8, 63, 82, 115, 163, 17, 2, 182, 75, 133, 167, 5, 128, 66, 169, 26, 92, 34, 183, 197, 179, 143, 122, 127, 24, 121, 31, 101, 38, 103, 131, 112, 154, 25, 36, 165, 37, 137, 88, 55, 4, 153, 180, 145, 157, 80, 57, 99, 0, 135, 198, 190, 19, 33, 73, 185, 18, 132, 189, 147, 159, 64, 129, 89, 58, 171, 72, 85, 114, 158, 67, 45, 3, 156, 91, 70, 51, 174, 188, 140, 148, 141, 130, 13, 142, 21, 192, 196]
TSPD - 45616.0 - 1280.8916186736897 - [66, 169, 0, 57, 99, 50, 131, 103, 38, 101, 31, 121, 24, 127, 122, 143, 179, 197, 183, 34, 26, 128, 5, 167, 133, 2, 182, 163, 115, 82, 63, 8, 16, 65, 52, 12, 107, 97, 139, 193, 119, 59, 71, 44, 162, 150, 117, 196, 192, 21, 142, 130, 141, 148, 140, 174, 51, 70, 91, 156, 67, 114, 72, 58, 89, 129, 64, 159, 147, 181, 189, 185, 132, 18, 73, 136, 79, 145, 180, 153, 4, 55, 88, 36, 25, 134, 154, 123, 165, 37, 102, 146, 137, 80, 157, 19, 190, 198, 135, 98]
TSPD - 44622.0 - 1283.2660051565617 - [36, 165, 37, 137, 88, 55, 4, 153, 80, 157, 145, 79, 19, 190, 198, 135, 95, 172, 16, 29, 18, 132, 185, 73, 136, 170, 189, 181, 147, 159, 64, 129, 89, 72, 114, 67, 3, 156, 91, 51, 174, 140, 148, 141, 130, 142, 21, 192, 196, 117, 150, 162, 44, 71, 119, 59, 107, 12, 52, 65, 14, 8, 63, 82, 69, 32, 113, 115, 40, 163, 182, 2, 5, 34, 183, 197, 31, 101, 38, 103, 131, 121, 24, 127, 179, 143, 122, 92, 26, 66, 169, 0, 57, 99, 43, 50, 112, 154, 134, 25]
TSPD - 45404.0 - 1254.2259002979845 - [59, 166, 64, 129, 89, 159, 147, 181, 170, 189, 109, 107, 12, 52, 65, 16, 18, 132, 185, 73, 61, 136, 33, 19, 190, 198, 135, 145, 157, 80, 153, 55, 88, 36, 25, 134, 154, 194, 123, 165, 37, 137, 99, 50, 24, 127, 121, 103, 38, 101, 31, 179, 143, 122, 92, 197, 183, 34, 26, 169, 66, 128, 178, 5, 167, 133, 2, 182, 163, 40, 8, 63, 82, 115, 69, 113, 32, 53, 142, 130, 141, 148, 140, 174, 51, 70, 91, 156, 67, 158, 162, 150, 117, 192, 21, 196, 44, 71, 193, 119]
TSPD - 45516.0 - 1263.1906684748828 - [192, 196, 117, 150, 44, 71, 59, 119, 193, 139, 107, 12, 52, 132, 18, 16, 8, 63, 82, 69, 32, 113, 115, 163, 182, 2, 133, 5, 128, 66, 169, 0, 57, 99, 122, 143, 179, 183, 34, 31, 101, 38, 103, 131, 121, 127, 24, 50, 94, 112, 154, 134, 25, 36, 165, 137, 88, 55, 4, 153, 80, 157, 145, 79, 135, 198, 190, 19, 33, 136, 61, 73, 185, 189, 181, 147, 159, 64, 129, 89, 58, 72, 85, 114, 110, 166, 162, 67, 3, 156, 91, 51, 174, 161, 188, 140, 148, 141, 130, 142]
TSPD - 45396.0 - 1258.2286969861016 - [55, 4, 153, 80, 157, 145, 79, 190, 19, 33, 73, 185, 132, 18, 52, 12, 107, 139, 193, 71, 119, 59, 189, 47, 170, 181, 187, 147, 159, 64, 129, 89, 58, 72, 114, 67, 158, 162, 150, 44, 117, 196, 192, 91, 70, 51, 174, 140, 148, 141, 130, 142, 53, 69, 115, 82, 63, 8, 16, 172, 95, 163, 182, 2, 133, 5, 66, 169, 135, 198, 46, 57, 0, 99, 43, 50, 24, 127, 121, 179, 143, 197, 183, 34, 31, 101, 38, 103, 131, 152, 112, 154, 134, 25, 36, 123, 165, 37, 137, 88]
TSPD - 45373.0 - 1282.3506867215037 - [162, 150, 117, 196, 192, 21, 142, 13, 130, 141, 148, 140, 174, 51, 70, 91, 156, 3, 45, 67, 126, 158, 114, 72, 89, 129, 64, 159, 147, 181, 189, 47, 170, 90, 136, 61, 73, 81, 185, 132, 18, 29, 33, 19, 190, 198, 135, 66, 169, 0, 77, 57, 80, 157, 153, 55, 88, 36, 25, 134, 154, 165, 37, 137, 99, 50, 131, 103, 38, 42, 101, 31, 121, 24, 127, 179, 143, 122, 92, 197, 183, 34, 5, 182, 115, 82, 63, 8, 16, 65, 52, 12, 107, 97, 139, 193, 119, 59, 71, 44]
TSPD - 45532.0 - 1254.1995216161013 - [142, 53, 96, 32, 113, 69, 115, 40, 82, 63, 8, 14, 16, 65, 18, 29, 33, 19, 190, 198, 135, 95, 172, 182, 5, 34, 183, 197, 31, 101, 38, 103, 131, 24, 127, 121, 179, 143, 122, 92, 26, 66, 169, 0, 57, 99, 50, 94, 112, 154, 134, 25, 36, 123, 165, 37, 137, 88, 55, 4, 153, 80, 157, 145, 73, 185, 132, 52, 12, 107, 59, 119, 71, 166, 64, 159, 89, 129, 58, 72, 114, 44, 196, 192, 117, 150, 162, 158, 67, 45, 3, 156, 91, 70, 51, 174, 140, 148, 141, 130]
TSPD - 44628.0 - 1250.8717946447432 - [38, 42, 101, 31, 34, 183, 197, 179, 143, 122, 92, 26, 66, 169, 135, 198, 190, 95, 172, 16, 14, 8, 63, 82, 115, 69, 113, 53, 142, 130, 141, 148, 140, 174, 51, 91, 156, 3, 67, 126, 158, 162, 150, 117, 192, 21, 60, 196, 44, 71, 193, 119, 59, 28, 166, 114, 72, 58, 89, 129, 64, 159, 147, 181, 189, 12, 107, 97, 139, 52, 65, 18, 132, 185, 73, 136, 79, 145, 157, 80, 153, 55, 88, 36, 25, 134, 154, 194, 123, 165, 37, 137, 146, 99, 43, 50, 24, 127, 121, 103]
TSPD - 45139.0 - 1270.3645729776472 - [53, 82, 63, 8, 14, 16, 29, 33, 19, 190, 198, 135, 169, 66, 128, 5, 34, 183, 197, 92, 122, 143, 179, 127, 24, 121, 31, 101, 42, 38, 103, 131, 50, 112, 154, 134, 25, 36, 123, 165, 37, 102, 99, 137, 88, 153, 80, 157, 145, 79, 136, 73, 81, 185, 18, 65, 52, 132, 12, 107, 193, 71, 119, 59, 189, 181, 147, 159, 64, 129, 89, 58, 171, 72, 85, 166, 114, 67, 45, 126, 158, 162, 150, 44, 117, 196, 21, 192, 156, 91, 70, 51, 174, 188, 140, 148, 141, 130, 142, 13]
TSPD - 45626.0 - 1292.149809117429 - [77, 99, 43, 50, 24, 127, 122, 143, 121, 103, 38, 101, 31, 179, 197, 183, 34, 26, 169, 66, 128, 5, 2, 182, 163, 115, 69, 113, 32, 53, 82, 63, 8, 14, 52, 12, 107, 97, 59, 119, 193, 71, 44, 162, 150, 117, 196, 142, 130, 141, 148, 140, 174, 51, 91, 156, 3, 67, 114, 72, 89, 129, 64, 159, 147, 181, 189, 132, 185, 73, 61, 136, 33, 29, 18, 16, 172, 95, 135, 198, 190, 19, 145, 157, 80, 153, 4, 55, 88, 36, 25, 134, 154, 123, 165, 37, 137, 146, 57, 0]
TSPD - 45995.0 - 1267.1532701607794 - [36, 25, 154, 165, 37, 137, 99, 43, 50, 131, 103, 38, 42, 101, 31, 121, 24, 127, 179, 143, 122, 92, 197, 183, 34, 26, 169, 66, 128, 5, 133, 182, 2, 17, 163, 95, 172, 16, 8, 63, 115, 82, 142, 130, 141, 148, 140, 174, 51, 91, 67, 126, 158, 162, 150, 117, 196, 44, 139, 107, 12, 59, 119, 71, 166, 110, 114, 85, 72, 58, 89, 129, 64, 159, 147, 181, 170, 136, 61, 73, 185, 132, 52, 18, 29, 33, 6, 19, 190, 198, 135, 0, 57, 80, 157, 145, 153, 4, 55, 88]
TSPD - 45232.0 - 1264.4650652911514 - [119, 59, 97, 107, 12, 52, 132, 185, 33, 29, 18, 16, 14, 8, 63, 82, 115, 40, 172, 95, 19, 190, 198, 135, 57, 0, 169, 66, 26, 197, 183, 34, 31, 101, 42, 38, 103, 131, 121, 24, 127, 179, 143, 122, 99, 37, 165, 154, 134, 25, 36, 123, 137, 88, 55, 4, 153, 80, 157, 145, 79, 136, 73, 170, 47, 189, 181, 147, 159, 64, 129, 89, 114, 162, 158, 67, 45, 78, 155, 3, 156, 91, 70, 51, 174, 188, 140, 148, 141, 130, 142, 138, 21, 192, 196, 117, 150, 44, 71, 193]
TSPD - 45790.0 - 1275.9651825521141 - [71, 44, 162, 150, 117, 196, 139, 107, 12, 52, 132, 185, 81, 18, 29, 33, 73, 61, 136, 79, 145, 180, 157, 80, 153, 4, 55, 88, 137, 146, 37, 165, 36, 25, 134, 154, 112, 94, 152, 103, 131, 24, 127, 121, 179, 143, 197, 183, 34, 26, 92, 122, 50, 99, 77, 57, 0, 169, 66, 135, 198, 190, 19, 95, 172, 16, 8, 63, 82, 115, 69, 113, 32, 96, 53, 13, 142, 130, 141, 148, 140, 188, 174, 51, 70, 91, 156, 67, 114, 85, 72, 58, 89, 129, 64, 159, 147, 59, 119, 193]
TSPD - 45906.0 - 1255.702944137156 - [89, 129, 64, 159, 147, 181, 170, 47, 189, 109, 185, 73, 61, 136, 33, 29, 19, 190, 198, 135, 66, 169, 0, 77, 57, 80, 153, 88, 137, 37, 165, 123, 36, 25, 134, 154, 102, 99, 43, 50, 131, 103, 38, 101, 31, 121, 24, 127, 179, 143, 122, 92, 197, 183, 34, 5, 2, 182, 163, 172, 16, 8, 115, 82, 63, 52, 65, 18, 132, 12, 59, 119, 71, 44, 162, 150, 117, 196, 192, 21, 142, 130, 141, 148, 140, 188, 174, 51, 70, 91, 156, 3, 45, 67, 158, 114, 85, 72, 171, 58]
TSPD - 45576.0 - 1289.2376629756764 - [84, 8, 63, 82, 142, 130, 141, 148, 140, 174, 51, 70, 91, 156, 3, 45, 67, 158, 162, 150, 117, 196, 44, 71, 193, 119, 59, 166, 114, 72, 58, 89, 129, 64, 159, 147, 189, 47, 132, 185, 73, 136, 79, 145, 157, 80, 153, 55, 88, 137, 37, 165, 123, 194, 36, 25, 134, 154, 112, 50, 131, 103, 38, 42, 101, 31, 1, 121, 24, 127, 179, 143, 122, 92, 197, 183, 34, 5, 2, 182, 133, 128, 66, 169, 0, 99, 57, 135, 198, 190, 19, 29, 18, 16, 65, 52, 12, 107, 97, 139]
TSPD - 45255.0 - 1352.452180086635 - [141, 148, 140, 174, 51, 91, 156, 3, 67, 158, 114, 110, 166, 85, 58, 89, 129, 64, 159, 147, 187, 181, 170, 136, 61, 73, 33, 29, 168, 172, 95, 135, 198, 190, 19, 79, 145, 157, 80, 153, 4, 55, 88, 137, 99, 37, 165, 36, 25, 134, 154, 112, 94, 50, 131, 103, 38, 101, 31, 121, 24, 127, 143, 179, 197, 183, 34, 169, 66, 128, 5, 2, 182, 163, 115, 82, 63, 8, 16, 18, 185, 132, 52, 12, 107, 97, 139, 193, 119, 59, 71, 44, 162, 150, 117, 196, 192, 21, 142, 130]
TSPD - 45529.0 - 1263.5265318667516 - [67, 158, 114, 72, 89, 129, 64, 159, 147, 181, 189, 185, 73, 61, 136, 79, 145, 157, 80, 153, 4, 55, 88, 137, 37, 165, 123, 36, 25, 134, 154, 112, 152, 131, 103, 38, 101, 31, 34, 183, 197, 122, 143, 179, 121, 127, 24, 50, 99, 66, 169, 135, 198, 190, 19, 18, 132, 52, 65, 16, 172, 95, 163, 40, 115, 69, 113, 32, 96, 53, 82, 63, 8, 14, 84, 139, 12, 107, 97, 59, 119, 71, 44, 162, 150, 117, 196, 192, 142, 130, 141, 148, 140, 174, 51, 70, 91, 156, 3, 45]
